scans used on sptpol
source	el step      size   spd     acc
moon    0.0333333    5.0    0.25    1.0
moon	0.0666667    10.0   0.5     1.0
moon	0.0666667    5.0    0.125   1.0
cmb	0.1	     16.7   0.44    1.0
cmb	0.1	     16.7   0.44    2.0
cmb	0.1	     16.7   0.87    1.0
cmb	0.1	     16.7   0.87    2.0
cmb	0.1	     16.7   1.31    1.0
cmb	0.1	     16.7   1.31    2.0
cmb	0.1	     16.7   1.74    1.0
cmb	0.1	     16.7   1.74    2.0
cmb	0.1	     16.7   2.62    1.0
cmb	0.1	     27.9   0.87    1.0
cmb	0.1	     27.9   1.31    1.0
cmb	0.1	     27.9   1.74    1.0
cmb	0.1	     27.9   2.62    1.0
cmb	0.1666667    31.5   0.5	    2.0
cmb	0.1666667    31.7   0.6	    2.0
cmb	0.1516667    63.1   2.2	    2.0
cmb	0.1516667    63.1   2.0	    2.0
cmb	0.2166667    8.8    0.48    2.0
cmb	0.3316667    10.75  0.48    2.0
cmb	0.3216667    10.4   0.48    2.0
cmb	0.2683333    10.6   0.48    1.0
cmb	0.0766667    32.67  0.8	    2.0
cmb	0.1533333    33.43  1.09    2.0
cmb	0.0666667    32.95  0.92    2.0
cmb	0.0583333    33.37  1.09    2.0
cmb	0.1	     27.9   2.62    1.0
fastp	.67
fastp	1.34
fastp	.66
cena	             1.7    0.4     1.0
cena		     2.2    0.4	    1.0
pica		     1.7    0.4	    1.0
mat5a		     1.7    0.4	    1.0
mat5a		     2.4    0.55    1.0
rcw38		     2.7    0.4	    1.0
rcw38		     2.2    0.4	    1.0
rcw38		     2.1    0.4	    1.0
rcw38		     1.7    0.4	    1.0
0537-441	     2.2    0.4	    1.0
mars    1.31	     2.5    0.25    1.0
moon	1.31	     2.5    0.25    1.0
venus	1.31	     2.5    0.25    1.0
opsun	0.2	     125    2.0	    1.0



