      354.354     -59.7052       34.720360
      355.301     -51.3327       18.628700
      352.977     -50.8742       17.162989
     0.248840     -57.8063       14.087602
      353.107     -53.9767       13.912850
      357.903     -54.8830       11.674602
      355.351     -57.4126       11.200802
      345.171     -53.5223       9.8808489
      355.692     -54.1861       9.4850464
      357.728     -53.0232       9.3164167
      352.472     -58.5256       9.0825367
     0.410248     -54.6703       8.6842613
      345.001     -56.2848       8.6354399
      359.933     -50.1744       8.2571268
      358.946     -50.9331       7.6697111
      352.899     -57.6147       7.5988455
      358.716     -56.5485       7.1884031
      355.840     -50.4036       7.1181364
      349.207     -54.9010       6.8693566
      352.175     -55.5602       6.7056313
      346.613     -51.3485       6.6294489
      344.794     -53.8255       6.5977168
      359.531     -52.4856       6.4278769
      350.206     -50.4593       6.4204092
      358.849     -51.9496       6.4119010
      347.252     -57.1745       6.4008532
      344.976     -54.5271       6.3943806
      350.066     -58.1310       6.0870867
      358.937     -52.9862       5.9910097
      354.087     -52.8731       5.9653096
      347.573     -59.3194       5.9329700
      355.270     -57.0239       5.7794566
      350.124     -52.5670       5.7376456
      344.827     -53.0322       5.6897683
      346.104     -57.3103       5.6342788
      353.882     -54.5801       5.4864821
      354.404     -59.2025       5.4402165
      354.868     -55.8401       5.4217291
      349.865     -58.7117       5.4056816
      353.694     -59.6475       5.3996291
      345.808     -51.2439       5.3702402
      345.267     -58.6691       5.3315306
      346.271     -57.3228       5.3005409
      357.384     -51.2319       5.2272692
    0.0361633     -60.3404       5.2169404
      354.903     -50.9102       5.2094169
      359.151     -53.1901       5.2027183
      349.327     -53.9697       5.1780658
      346.839     -52.0297       5.1481490
      347.896     -55.3715       5.1419663
      359.264     -54.3613       5.1149006
      355.444     -56.6643       5.1056590
      346.785     -54.6696       5.0829864
      351.783     -51.6295       4.9826279
      352.038     -55.8498       4.9546485
     0.241669     -53.1888       4.9418316
      346.009     -50.1186       4.9227672
      353.521     -53.1413       4.8557353
      351.348     -58.2533       4.8422184
      344.770     -52.5362       4.8325429
      355.448     -51.6436       4.8097258
      349.185     -50.4547       4.8091564
      358.796     -60.0389       4.8000007
      345.452     -55.7781       4.7556200
      349.325     -50.0073       4.7328973
      356.095     -56.9310       4.7236042
      347.900     -49.7443       4.6431313
      357.298     -51.6762       4.6282501
      356.189     -58.8703       4.6035361
      348.148     -52.3315       4.5035233
      359.244     -50.0393       4.5014186
      358.867     -55.2500       4.4954906
      358.156     -50.9881       4.4855328
      349.700     -56.2881       4.4172859
      358.961     -58.8490       4.3903985
      354.888     -51.3855       4.3704648
      349.543     -58.5213       4.3698525
      356.451     -56.7143       4.3585238
      349.372     -58.5897       4.3476033
      348.456     -59.7764       4.3458266
      356.258     -57.8319       4.3336430
      353.137     -52.3505       4.3312907
      358.540     -51.1020       4.3249707
      356.063     -60.0105       4.3057737
      355.092     -53.1846       4.3034978
      354.024     -53.8777       4.2544937
      356.726     -57.0338       4.2127981
      356.677     -57.6798       4.1971517
      358.060     -56.6607       4.1778145
      347.704     -52.6623       4.1671157
      355.257     -57.2749       4.1656718
      357.597     -53.1887       4.1508784
     0.296112     -51.1822       4.1325626
      359.787     -50.4044       4.1294570
      347.465     -57.8655       4.1267066
      346.138     -51.4751       4.1117744
      348.008     -52.4024       4.1109872
      350.877     -57.8801       4.1037984
      353.285     -59.7201       4.0893831
      354.575     -55.6596       4.0709329
      347.990     -58.3416       4.0704041
      358.202     -52.8671       4.0502963
      353.153     -58.7930       4.0469904
      359.172     -53.7880       4.0370822
      351.420     -53.2794       4.0297408
      349.016     -51.4646       4.0198812
      348.316     -57.3225       4.0160141
      358.603     -49.6982       4.0061955
      354.598     -57.4182       4.0042024
      347.281     -51.8517       3.9962204
      351.791     -58.4091       3.9864032
      358.851     -54.5918       3.9712083
      356.540     -58.7545       3.9670041
      352.981     -57.3053       3.9631090
      353.588     -51.5321       3.9548018
      349.999     -56.8750       3.9487379
      346.231     -60.3048       3.9459968
      358.943     -53.7846       3.9447157
      349.540     -50.9890       3.9372892
      348.700     -53.2424       3.9324207
      355.475     -53.1316       3.9310973
      355.308     -52.3794       3.9239173
      359.128     -50.9624       3.9198444
      352.006     -54.9324       3.9109943
      356.295     -50.0036       3.8983364
     0.354858     -56.2121       3.8976872
      359.324     -57.6600       3.8972785
      355.652     -55.4306       3.8921676
      354.036     -58.1069       3.8748395
    0.0934143     -53.1850       3.8660128
      357.474     -51.6485       3.8599048
      359.947     -53.3292       3.8547909
      354.726     -59.6042       3.8532610
      345.347     -53.2740       3.8446558
      359.208     -60.0840       3.8408597
      348.528     -55.9026       3.8406971
      352.005     -50.2743       3.8243468
      356.550     -51.0863       3.8180776
      352.471     -59.9758       3.8166807
      356.723     -58.6823       3.8126483
      356.706     -53.6341       3.8061588
     0.103088     -52.1056       3.7939670
      348.904     -58.8606       3.7919590
      353.215     -55.8316       3.7896280
      347.860     -51.2132       3.7871611
      353.187     -58.9492       3.7861409
      354.829     -59.7524       3.7854683
      346.760     -54.1887       3.7820172
      354.784     -53.1828       3.7778299
      358.044     -53.8764       3.7772400
      347.863     -55.8121       3.7767897
      349.587     -60.3984       3.7755001
      356.028     -53.1903       3.7723386
      347.261     -54.6965       3.7712202
      357.225     -51.6171       3.7707808
      357.767     -50.5679       3.7692266
      358.849     -50.6983       3.7626791
      349.330     -57.4292       3.7619123
      349.445     -58.8804       3.7616532
      359.287     -59.8986       3.7583179
      354.714     -56.0283       3.7553911
      352.495     -55.2946       3.7477605
      352.229     -54.0525       3.7417285
      352.140     -53.8224       3.7406945
      354.720     -52.2895       3.7371552
      359.236     -60.0449       3.7173440
      345.745     -52.6167       3.7153215
      350.294     -51.3515       3.7083137
      356.269     -51.6324       3.7048292
      356.968     -53.1895       3.6997850
      356.286     -52.5916       3.6956067
      349.739     -57.1714       3.6938233
      357.759     -57.2683       3.6905272
      354.207     -57.6365       3.6880238
      347.675     -60.4217       3.6864972
      349.857     -56.6730       3.6855481
      355.622     -56.3673       3.6845031
      351.996     -59.6528       3.6797469
      354.556     -49.7039       3.6774313
      346.620     -55.9970       3.6770337
     0.383728     -57.3146       3.6765549
      358.468     -50.1851       3.6761615
      356.949     -58.4328       3.6727166
      359.032     -50.7120       3.6723673
      359.197     -57.5188       3.6704421
      344.940     -59.9493       3.6688445
      354.500     -49.7467       3.6673710
      357.761     -55.0247       3.6672282
      354.758     -57.0405       3.6664510
      354.334     -50.8308       3.6662183
      349.890     -55.9724       3.6597013
      345.814     -51.4305       3.6561749
      358.341     -55.3298       3.6548095
      349.513     -56.2514       3.6546180
      356.153     -49.6689       3.6453893
      347.274     -55.2644       3.6438768
      351.378     -51.2871       3.6390996
      354.100     -56.0078       3.6389740
      357.441     -56.1791       3.6342487
      351.638     -52.6658       3.6175406
      359.202     -57.3633       3.6173494
      347.503     -54.4893       3.6156342
      354.775     -51.3848       3.6117857
      347.753     -53.3081       3.6069365
      357.016     -56.0223       3.6063838
      357.901     -53.1875       3.6014376
      358.508     -54.7442       3.5904913
      358.235     -57.7187       3.5866916
      349.595     -51.4382       3.5820031
      350.548     -52.0438       3.5815992
      359.463     -54.9419       3.5806758
      355.868     -56.0408       3.5743537
      358.881     -54.7160       3.5740407
      352.223     -51.7442       3.5735042
      345.661     -57.1715       3.5712364
      352.256     -53.9001       3.5642750
      356.839     -55.6720       3.5636344
      357.006     -52.9162       3.5631168
      354.203     -50.8179       3.5626154
      347.126     -54.2062       3.5625169
      357.951     -50.9834       3.5612407
      354.035     -51.5519       3.5595648
      351.104     -51.1812       3.5591664
      350.194     -53.7524       3.5555615
      358.033     -54.3891       3.5509126
      356.694     -53.6083       3.5479124
      344.837     -50.9246       3.5433767
      346.480     -57.7634       3.5376651
     0.419464     -56.9908       3.5345390
      356.831     -60.1583       3.5336924
      345.293     -58.7929       3.5307202
      346.588     -59.9933       3.5229282
      348.261     -51.0368       3.5195389
      344.960     -55.2302       3.5191679
      346.800     -49.6608       3.5138876
      352.994     -57.7004       3.5136549
      359.813     -54.8192       3.5134008
      349.590     -49.8537       3.5120680
      356.232     -60.0656       3.5119789
      351.430     -53.9312       3.5086496
      350.339     -50.8668       3.5036936
      347.356     -56.0984       3.4999630
      352.287     -58.8392       3.4960475
      355.243     -52.5100       3.4955697
      349.715     -51.4580       3.4951797
     0.378754     -50.7004       3.4951751
      357.483     -49.8778       3.4950035
      345.212     -56.4649       3.4947398
     0.415741     -53.3646       3.4882417
      350.336     -50.4505       3.4866195
      351.273     -57.7918       3.4854894
      359.087     -60.2084       3.4849930
      358.862     -50.4805       3.4846494
      346.516     -55.6391       3.4832802
      356.102     -52.5498       3.4820528
      359.586     -54.8980       3.4793231
      354.654     -54.6401       3.4784212
      348.501     -57.7951       3.4783583
      349.381     -53.1067       3.4774384
      353.161     -55.1834       3.4762785
      354.517     -53.2114       3.4750912
      359.631     -56.4485       3.4731324
      348.969     -53.1436       3.4726844
      357.831     -50.0937       3.4687831
      344.571     -56.0174       3.4658058
      358.005     -49.8104       3.4648254
      349.022     -51.6127       3.4581902
      350.399     -54.3153       3.4571135
      351.107     -51.6474       3.4528923
      355.646     -54.7025       3.4509120
      359.060     -54.5025       3.4502525
      358.045     -55.9438       3.4492471
      345.453     -55.5200       3.4485376
      348.257     -58.5206       3.4448314
      346.123     -50.9099       3.4419708
      359.539     -58.6910       3.4387686
      346.831     -50.5767       3.4369740
      358.456     -53.3989       3.4369683
      351.676     -54.9925       3.4337697
      352.491     -56.1428       3.4332943
      356.887     -55.5456       3.4332063
      345.897     -57.1163       3.4305229
      355.073     -57.3326       3.4279921
      353.471     -54.7721       3.4255726
      346.402     -51.5099       3.4247336
      350.542     -50.3201       3.4214160
      358.132     -50.9904       3.4201779
      357.559     -55.1826       3.4194500
      355.054     -54.3173       3.4133170
      356.647     -52.2583       3.4120686
      359.930     -54.9349       3.4105599
      355.425     -58.9380       3.4080169
      351.534     -55.1384       3.4063780
      356.308     -50.1452       3.4060509
      354.199     -56.3654       3.4056344
      356.949     -51.9724       3.4046700
      355.984     -53.7049       3.4037800
      345.336     -57.6187       3.4013371
      352.670     -51.5007       3.3999779
      356.517     -57.8781       3.3966439
      349.803     -54.0799       3.3891110
     0.407806     -54.1054       3.3877001
      353.273     -53.2959       3.3860376
      350.527     -58.4230       3.3854437
      354.063     -58.8443       3.3827693
      355.936     -55.6958       3.3825722
      346.403     -57.9401       3.3806198
      355.444     -52.9971       3.3778188
      358.214     -52.5938       3.3767815
      354.770     -56.9771       3.3742588
      356.061     -49.6439       3.3715866
      354.936     -54.4751       3.3708379
      359.776     -55.7632       3.3694277
      358.109     -57.8401       3.3686018
      347.591     -53.4792       3.3673239
      345.931     -55.9302       3.3642852
      354.990     -51.2067       3.3636081
      359.428     -51.6547       3.3625112
    0.0311279     -54.7026       3.3617065
      345.818     -56.7812       3.3596992
      356.904     -51.4762       3.3578777
      349.187     -55.5641       3.3532395
      354.231     -59.9021       3.3516867
      346.364     -55.0068       3.3507276
      346.037     -55.0035       3.3466067
      354.080     -57.2169       3.3457067
      345.366     -57.7881       3.3421052
      352.584     -49.6703       3.3415339
      358.127     -53.0404       3.3399570
      347.326     -52.7160       3.3386390
      344.608     -54.7313       3.3373013
      346.232     -57.1283       3.3362260
      350.399     -52.1471       3.3361588
      347.348     -55.4791       3.3351128
      358.907     -58.0232       3.3308728
      359.863     -55.1792       3.3305056
      347.104     -51.8495       3.3275595
      357.156     -56.6718       3.3273995
      355.402     -53.1904       3.3262444
      349.384     -59.2913       3.3255208
      354.250     -54.9779       3.3253779
      350.708     -57.9396       3.3248584
      353.262     -52.1178       3.3242235
      359.773     -53.1879       3.3229907
      353.298     -55.9115       3.3227551
      356.141     -54.1362       3.3223593
      344.414     -57.9333       3.3200600
      353.475     -52.1134       3.3194051
      357.361     -56.9104       3.3172331
      356.851     -52.8985       3.3163865
      359.175     -60.4437       3.3137524
      356.271     -59.5729       3.3114777
      356.564     -53.8333       3.3107388
      356.735     -55.1036       3.3083832
      356.353     -58.6462       3.3070984
      355.328     -55.0577       3.3066106
      354.465     -53.1854       3.3057809
      354.993     -52.1397       3.3051724
      346.401     -53.9028       3.3048284
      359.500     -52.1304       3.2989414
      345.210     -52.5260       3.2984514
      345.495     -60.1504       3.2983334
      347.898     -50.9446       3.2934089
      344.685     -60.1604       3.2913585
      355.695     -54.6225       3.2907839
      350.949     -58.2832       3.2895103
      353.747     -50.0054       3.2887187
      356.737     -50.4860       3.2877357
      344.404     -60.1279       3.2873232
      347.862     -60.4050       3.2860296
      354.055     -54.8664       3.2853658
      357.034     -59.0229       3.2850046
      358.292     -49.9304       3.2845795
     0.392700     -54.2729       3.2844877
      349.414     -50.1958       3.2839656
      347.278     -51.9568       3.2814715
      357.732     -58.0573       3.2806680
      355.498     -51.5646       3.2805290
      345.915     -53.1077       3.2757604
      347.715     -56.1405       3.2749739
      352.341     -55.2792       3.2733142
     0.246429     -57.6656       3.2731004
      349.428     -56.8679       3.2727196
      357.610     -50.6660       3.2642038
      354.827     -50.9392       3.2640803
      359.183     -54.5299       3.2622509
      345.387     -54.7708       3.2611248
      356.619     -56.4750       3.2601066
      358.526     -53.1854       3.2594578
      351.765     -59.6458       3.2592340
      346.186     -56.2875       3.2587650
      353.257     -55.7629       3.2570000
      356.967     -52.1534       3.2557583
      353.917     -57.0721       3.2555406
      356.842     -53.8573       3.2548094
      355.129     -52.4650       3.2542746
      347.516     -54.7679       3.2538610
      347.123     -59.2862       3.2531040
      349.575     -53.4234       3.2527821
      346.025     -57.3875       3.2522023
      356.189     -53.1783       3.2519450
      353.044     -57.0253       3.2508163
      356.084     -55.3063       3.2501800
      347.298     -55.5692       3.2500000
      347.537     -54.8416       3.2499120
      357.990     -54.9664       3.2496862
      359.143     -51.9946       3.2435269
      350.529     -50.9266       3.2426207
      358.159     -50.8630       3.2414401
      354.293     -51.4118       3.2409897
      346.917     -54.1995       3.2405665
      356.455     -51.1347       3.2400124
      355.045     -50.8300       3.2390728
      354.548     -54.1521       3.2385385
      359.657     -55.5674       3.2372298
      351.972     -59.6720       3.2372215
      349.337     -53.5583       3.2335265
      348.524     -59.2333       3.2328093
      357.294     -57.0521       3.2326369
      354.620     -51.2875       3.2323227
      351.428     -52.1471       3.2318037
      354.071     -58.1387       3.2317867
      356.957     -52.3413       3.2308960
      349.020     -50.4465       3.2304032
      357.420     -52.8366       3.2299500
      349.508     -52.0175       3.2298200
      346.812     -58.8500       3.2279098
      345.812     -57.6000       3.2278616
      350.654     -52.7454       3.2275524
     0.285583     -55.3813       3.2270265
     0.429626     -59.9835       3.2252467
      359.402     -51.9094       3.2243888
      354.865     -52.3722       3.2217925
      356.503     -58.7112       3.2217119
      355.338     -56.8125       3.2200305
      346.933     -50.9052       3.2190180
      354.670     -55.5870       3.2177310
      351.530     -55.5368       3.2176290
      354.211     -57.3750       3.2167358
      352.451     -51.8479       3.2161584
      352.031     -49.8744       3.2161257
      354.505     -58.3516       3.2158632
      346.183     -58.4971       3.2149062
      352.320     -52.5042       3.2133718
      358.213     -60.3201       3.2127681
      351.329     -60.0385       3.2121794
      349.509     -53.6083       3.2114849
      356.192     -56.8571       3.2113211
      344.777     -57.6959       3.2108316
      348.738     -53.6276       3.2104044
      357.033     -55.6750       3.2095261
      359.730     -54.9271       3.2090740
      352.806     -53.0271       3.2089763
      352.895     -57.8055       3.2081029
      348.492     -57.2966       3.2045119
      359.611     -56.2179       3.2042313
      358.361     -50.4262       3.2038116
      355.721     -53.1875       3.2037668
      346.002     -51.8314       3.2035084
      353.620     -52.6775       3.2025151
      354.087     -58.5404       3.2021961
      345.878     -52.2743       3.1990933
      349.227     -58.5708       3.1981568
      358.650     -51.1292       3.1974816
      348.729     -54.6479       3.1971474
      354.178     -60.4507       3.1968548
      345.389     -50.5554       3.1965601
      358.907     -58.6854       3.1940575
      348.964     -57.9187       3.1938562
      357.726     -51.1662       3.1934950
      349.928     -55.9083       3.1903358
      347.583     -49.6826       3.1892292
      357.635     -50.5625       3.1887600
      355.750     -60.4576       3.1884062
      359.579     -54.9821       3.1876726
      345.671     -53.1138       3.1868944
      345.732     -51.8750       3.1863637
      349.780     -54.9604       3.1853645
      355.084     -59.9708       3.1839840
      359.802     -51.9895       3.1839335
      358.862     -59.4019       3.1836743
      354.201     -59.7488       3.1831851
      354.486     -53.2625       3.1831684
      346.190     -55.3132       3.1819534
      355.405     -51.3937       3.1803081
      357.613     -51.1289       3.1793027
      359.884     -52.7104       3.1767824
      348.002     -55.9579       3.1763022
      346.849     -56.5479       3.1762278
      357.192     -53.1533       3.1738191
      346.749     -51.7828       3.1736619
      358.779     -54.8854       3.1735539
      345.534     -57.1855       3.1720760
      349.738     -55.9708       3.1720366
      351.942     -49.5701       3.1716771
      349.720     -57.0550       3.1705723
      356.202     -56.2938       3.1699550
      356.180     -50.4471       3.1698065
      358.267     -49.6375       3.1692774
      359.510     -59.7649       3.1686177
      355.865     -54.3715       3.1652379
      357.852     -60.3592       3.1645093
      348.731     -60.3667       3.1635566
      345.723     -59.6461       3.1626558
      348.289     -54.8125       3.1620002
      356.412     -49.8583       3.1613052
      358.890     -52.8750       3.1612117
      358.844     -53.1916       3.1604779
      352.255     -55.8250       3.1599233
      354.813     -54.4263       3.1595769
      359.972     -54.2696       3.1593575
      357.611     -57.2238       3.1586394
      358.865     -59.2791       3.1571891
      359.740     -56.8271       3.1559634
      353.810     -56.8542       3.1558404
      359.269     -53.6604       3.1550016
      344.702     -50.2083       3.1543241
      354.977     -49.6500       3.1538143
      352.494     -59.8839       3.1524856
      355.634     -57.0625       3.1521876
      357.546     -50.2493       3.1507041
      359.391     -57.2792       3.1494551
      348.606     -57.1889       3.1492512
      349.215     -56.2479       3.1480608
      353.992     -53.8446       3.1479695
    0.0180969     -49.7083       3.1477463
      348.198     -54.6834       3.1451142
      350.394     -52.3743       3.1446581
      351.355     -59.0632       3.1445737
      356.541     -50.6090       3.1443362
      350.857     -58.3167       3.1442223
      359.070     -50.3937       3.1414804
      353.929     -50.1024       3.1409776
      348.868     -51.9042       3.1409512
      347.785     -56.0521       3.1386535
      344.754     -52.1667       3.1370060
      352.665     -53.0588       3.1366441
      358.091     -54.4618       3.1362228
      348.749     -53.1156       3.1358957
      354.063     -54.3879       3.1353710
      358.855     -60.4062       3.1347351
      359.990     -57.3429       3.1344700
      356.356     -56.5604       3.1330049
      350.171     -59.8604       3.1323655
      358.028     -52.2993       3.1306071
      350.536     -50.1375       3.1301606
      357.901     -50.5799       3.1300876
      349.243     -58.3724       3.1299882
      354.036     -51.5479       3.1291747
      357.506     -57.8417       3.1291320
      357.986     -55.6698       3.1286678
      354.333     -55.0417       3.1284223
      356.567     -52.7583       3.1249216
      349.261     -51.0521       3.1242292
      352.097     -49.7354       3.1227629
     0.330353     -51.8299       3.1221821
      351.246     -60.2792       3.1214077
      359.807     -52.1667       3.1213596
      355.716     -52.1364       3.1207013
      359.860     -59.4451       3.1185632
     0.280518     -52.1659       3.1176460
      351.433     -56.7271       3.1173515
      345.870     -55.2979       3.1172981
      346.420     -55.4750       3.1170113
      350.636     -56.8719       3.1137064
      359.017     -59.7125       3.1126847
      345.561     -56.5917       3.1125765
      350.167     -56.4611       3.1118641
      345.021     -56.6625       3.1115575
      357.539     -52.6924       3.1109192
      344.460     -60.0042       3.1099095
      350.578     -51.9301       3.1089823
      348.714     -53.6410       3.1083317
      355.602     -55.5738       3.1082218
      359.023     -52.1687       3.1082110
      358.049     -56.4451       3.1074924
      344.941     -58.3493       3.1072605
      354.356     -57.6375       3.1066740
      359.862     -54.4583       3.1064703
      350.181     -54.3076       3.1039660
      352.184     -55.9167       3.1036158
      351.556     -53.3167       3.1020391
      345.262     -53.5659       3.1017411
      353.940     -53.8382       3.1017003
      352.582     -51.3679       3.1005707
      358.450     -57.3729       3.1005342
      359.956     -50.5701       3.0998175
      349.555     -51.6271       3.0986586
      356.677     -55.2840       3.0985906
      359.548     -49.9979       3.0970323
      352.437     -52.8162       3.0967817
      356.366     -53.0299       3.0938323
      345.835     -56.2583       3.0933180
      346.148     -58.4243       3.0924261
      355.472     -49.9354       3.0898218
      350.107     -53.3563       3.0872591
      352.831     -50.0786       3.0870097
      344.746     -55.9215       3.0855641
      352.407     -54.6166       3.0848224
      359.009     -60.1396       3.0846884
     0.434113     -56.8910       3.0841808
      354.830     -54.8292       3.0836554
      348.850     -53.0292       3.0818918
      357.867     -56.1750       3.0805795
      353.198     -53.3926       3.0800350
      348.058     -59.3007       3.0792596
      345.833     -49.8292       3.0792108
      350.264     -58.2167       3.0767720
      345.140     -49.9250       3.0767159
      348.902     -56.2965       3.0752330
      355.568     -59.1271       3.0742075
      349.770     -54.6708       3.0735102
      349.708     -58.9417       3.0734499
      346.845     -53.2604       3.0728488
      356.460     -54.0375       3.0719941
      352.409     -58.8993       3.0715322
      349.193     -52.4342       3.0711229
      348.699     -49.8917       3.0679967
      349.767     -50.5521       3.0673583
      349.878     -52.8576       3.0669086
      355.259     -58.6083       3.0651851
      354.169     -58.1479       3.0650382
      345.965     -57.3563       3.0620773
      353.994     -57.4160       3.0604012
      348.964     -56.7076       3.0601711
      358.081     -57.4625       3.0583470
      357.600     -57.9583       3.0579071
      347.276     -55.0958       3.0575619
      347.932     -52.2679       3.0572753
      355.850     -52.7000       3.0561333
      352.227     -60.2389       3.0530195
      354.774     -49.6368       3.0523155
      345.420     -58.6646       3.0519831
      354.755     -52.9174       3.0519252
      353.198     -55.2871       3.0510838
      358.073     -57.0000       3.0502758
      356.710     -60.0938       3.0498607
      353.457     -59.7229       3.0496795
      352.711     -51.2709       3.0492518
      346.584     -49.6854       3.0480022
      353.971     -56.0687       3.0448382
      352.238     -58.7063       3.0439587
      350.857     -50.9833       3.0425756
      353.976     -50.8208       3.0416253
      359.243     -50.1833       3.0406232
      345.532     -53.9549       3.0394931
      353.434     -55.6375       3.0385225
      357.637     -53.0792       3.0371988
      354.531     -51.3854       3.0363271
     0.406189     -55.4708       3.0358043
      352.890     -54.3042       3.0335536
      348.321     -58.4424       3.0316775
      359.514     -54.0750       3.0272379
      357.612     -57.2257       3.0263228
      352.514     -52.5368       3.0246990
      346.863     -49.7792       3.0244706
      349.732     -50.2667       3.0230038
      354.571     -52.3417       3.0214274
      354.211     -50.3215       3.0210826
      356.837     -52.3368       3.0183182
      358.494     -53.3500       3.0139210
      351.134     -58.0208       3.0125685
      345.029     -51.7965       3.0111859
      345.422     -57.7042       3.0101972
      346.555     -55.5125       3.0036244
