      ra          dec            significance
      350.212     -54.8969       3.9936700
      358.853     -50.4858       3.9845960
      344.560     -58.4846       3.9843428
      348.854     -51.9071       3.9839318
      354.540     -49.7090       3.9796293
      353.683     -59.8930       3.9756243
      356.857     -56.5887       3.9749801
      356.824     -53.8574       3.9743562
      344.662     -53.2690       3.9725890
      348.540     -52.7493       3.9700277
      353.070     -58.8798       3.9692445
      345.914     -56.7263       3.9669158
      347.394     -54.6901       3.9634051
      349.684     -56.2848       3.9602332
      350.330     -50.8675       3.9555750
      358.600     -54.2777       3.9524648
      351.668     -54.9937       3.9507954
      350.957     -51.6558       3.9501140
      352.218     -54.0475       3.9485340
      348.140     -51.8015       3.9434619
      356.453     -54.0487       3.9420588
      358.645     -54.6183       3.9391744
      345.901     -58.2399       3.9364457
      345.801     -49.8301       3.9360275
      350.014     -57.5780       3.9348676
      353.468     -54.7715       3.9294357
      359.223     -55.5557       3.9245069
      351.401     -53.2729       3.9230707
      356.260     -52.5955       3.9187398
      350.472     -51.7440       3.9166455
      348.291     -54.8174       3.9132662
      354.994     -57.2410       3.9079101
      349.070     -52.3412       3.9061775
      354.870     -51.3876       3.9041455
      349.985     -56.1145       3.8992290
      359.479     -56.4188       3.8963854
      357.834     -58.0227       3.8962264
      355.319     -51.0681       3.8946881
      345.361     -52.5390       3.8938184
      344.916     -59.9201       3.8811674
      352.535     -59.8707       3.8763082
      350.903     -51.9448       3.8742125
      355.697     -52.1206       3.8735652
      346.638     -56.8090       3.8712134
      358.543     -50.3959       3.8681619
      345.723     -52.6129       3.8633881
      346.259     -57.3237       3.8598154
      345.599     -49.7370       3.8551588
      359.124     -51.9932       3.8475108
      358.848     -56.3906       3.8463421
     0.364532     -57.3097       3.8405383
      350.054     -58.1296       3.8365502
      345.319     -57.6199       3.8308668
      352.166     -59.4888       3.8302405
      353.971     -56.2901       3.8174736
      358.781     -60.0416       3.8156474
      345.748     -54.2076       3.8149967
      351.127     -56.0296       3.8144634
      357.048     -58.3681       3.8143976
      346.611     -55.9999       3.8129125
      352.665     -50.0311       3.8100462
      354.659     -51.9291       3.8071666
      355.434     -51.6426       3.8048670
      349.163     -55.5663       3.7988224
      358.746     -53.4240       3.7962487
      349.822     -51.8414       3.7948198
      344.931     -55.7438       3.7883024
      353.973     -57.4115       3.7876704
      353.975     -53.8590       3.7826791
      345.166     -49.8298       3.7817881
      355.550     -55.0441       3.7800224
      345.662     -54.0917       3.7797067
      351.601     -58.6949       3.7625523
      357.461     -49.8790       3.7565105
      352.203     -51.7464       3.7520154
      350.597     -51.6449       3.7519364
      356.759     -56.2899       3.7488472
      357.794     -58.9770       3.7447507
      355.653     -54.0908       3.7441607
      345.401     -53.4562       3.7407889
      345.982     -52.6648       3.7377672
      349.728     -50.1939       3.7354865
      347.977     -58.3319       3.7328386
      357.396     -55.3272       3.7292008
      356.238     -56.5294       3.7230487
      355.752     -55.3659       3.7227085
      345.893     -57.6364       3.7188313
      357.923     -52.8891       3.7134895
      352.732     -55.9724       3.7106175
      355.166     -54.8120       3.7042508
      356.040     -60.0073       3.7029374
      356.094     -52.5471       3.7011015
      355.306     -55.0573       3.7009704
      348.790     -56.3427       3.6934521
      356.153     -53.5374       3.6894174
      359.785     -54.3904       3.6892502
      359.267     -53.7481       3.6883452
      353.860     -54.5832       3.6880538
      352.005     -55.8451       3.6878684
      348.251     -54.7270       3.6868215
      359.148     -53.7949       3.6786695
      357.880     -50.5794       3.6785522
      350.852     -49.6986       3.6746988
      354.648     -52.0720       3.6589363
      351.517     -50.9708       3.6561756
      357.454     -51.5562       3.6548879
      354.190     -50.3140       3.6541581
      347.049     -50.3022       3.6531487
      353.366     -52.2601       3.6500621
     0.333923     -51.8275       3.6497664
      350.528     -50.1335       3.6492243
      353.860     -56.4181       3.6409886
      358.099     -51.1474       3.6405549
      348.206     -57.9780       3.6359134
      358.849     -55.2485       3.6253171
      351.427     -53.4812       3.6233921
      351.086     -52.0984       3.6225977
      358.341     -50.1640       3.6188648
      349.579     -50.6178       3.6173179
      349.065     -51.9888       3.6093297
      359.180     -57.3539       3.6087999
      352.943     -53.9917       3.6070404
      355.472     -53.1373       3.6067827
      357.681     -50.7367       3.6059599
      359.990     -52.0625       3.5995421
      353.682     -59.6500       3.5955825
      351.055     -58.2194       3.5941372
      356.891     -51.5729       3.5933177
      352.408     -59.6582       3.5930080
      356.931     -59.6000       3.5912952
      352.168     -54.1740       3.5912712
      351.030     -57.8169       3.5879903
      345.762     -57.7643       3.5869393
      345.692     -50.9819       3.5851064
     0.338013     -52.2609       3.5826118
      354.291     -54.3715       3.5825598
      345.922     -58.4641       3.5810430
      354.942     -50.1562       3.5806451
      348.488     -57.7963       3.5797837
      356.531     -49.9529       3.5797267
      345.343     -57.9468       3.5780454
      355.197     -53.6626       3.5757732
      358.599     -49.7025       3.5756891
      359.993     -59.1630       3.5738606
      358.177     -60.3893       3.5693705
      345.807     -51.4319       3.5657098
      359.478     -57.6882       3.5646517
      358.062     -58.7818       3.5641546
      349.316     -57.4276       3.5636892
      357.145     -58.1410       3.5634749
      345.804     -51.7623       3.5622883
      352.787     -55.3702       3.5621262
      353.471     -53.5480       3.5611331
      350.436     -56.2042       3.5584157
      344.673     -56.2146       3.5579014
      354.501     -58.3629       3.5563116
      347.374     -58.5131       3.5544572
      351.851     -50.4116       3.5538583
      347.531     -54.7579       3.5523040
      357.325     -50.4188       3.5517695
      358.044     -58.2433       3.5512536
      350.600     -53.1900       3.5493510
      345.194     -57.9174       3.5481868
      359.066     -54.5659       3.5468297
      357.260     -51.2865       3.5418673
      346.832     -56.0771       3.5392685
      359.819     -57.8291       3.5377989
      354.318     -49.6752       3.5338397
      356.881     -54.7799       3.5318336
      348.556     -54.1729       3.5311155
      353.474     -57.7755       3.5286775
      348.980     -51.4629       3.5274730
      346.668     -59.5721       3.5274360
      359.885     -56.7229       3.5265231
      354.140     -52.9479       3.5246727
      348.291     -54.3666       3.5234437
      348.861     -58.8603       3.5198858
      354.965     -56.3980       3.5195258
      350.754     -50.0817       3.5151138
      347.344     -57.3227       3.5150716
      344.647     -59.5042       3.5146244
      356.860     -57.0871       3.5135663
      359.051     -60.2185       3.5134091
      354.410     -60.3896       3.5130293
      349.451     -50.0912       3.5121574
      352.658     -52.4213       3.5120897
      346.008     -51.8360       3.5086389
      346.432     -51.8222       3.5068138
      359.322     -59.2571       3.5065248
      345.930     -55.9875       3.5020494
      346.043     -58.1766       3.5002465
      346.053     -51.3378       3.4999640
      356.103     -56.9218       3.4990332
      346.619     -52.3390       3.4974864
      350.205     -50.9736       3.4905396
      354.864     -52.1433       3.4904451
      351.078     -56.2285       3.4897816
      346.953     -56.4828       3.4873245
      345.469     -52.2043       3.4868329
      350.376     -54.3093       3.4849360
      348.116     -50.9729       3.4847043
      357.900     -51.3928       3.4842911
      347.603     -52.7437       3.4835124
      357.592     -51.1249       3.4826515
      349.403     -55.4104       3.4817743
      357.951     -56.3459       3.4810197
      350.679     -49.7366       3.4805186
      354.090     -56.0058       3.4800766
      355.994     -54.0216       3.4800115
      358.424     -50.6549       3.4788671
      349.727     -55.9676       3.4779513
      348.072     -50.4166       3.4777448
      352.955     -50.5215       3.4763925
      355.171     -58.8225       3.4717214
      351.690     -50.0720       3.4703343
      350.830     -58.3146       3.4693310
      349.934     -50.1493       3.4681792
      350.160     -54.3266       3.4665616
      348.821     -49.6592       3.4640512
      346.706     -57.5025       3.4638417
      347.279     -49.6733       3.4637623
      352.193     -51.9251       3.4618282
      348.112     -52.4374       3.4615359
      346.797     -56.7900       3.4599161
      344.384     -57.5424       3.4584877
      352.191     -58.2401       3.4554658
      352.541     -55.0359       3.4545822
      345.555     -49.6791       3.4545283
      354.157     -52.7414       3.4534740
      355.199     -57.4975       3.4526887
      353.617     -58.3737       3.4516454
      347.477     -50.9375       3.4496808
      358.800     -49.7687       3.4491959
      357.090     -54.0843       3.4487798
      351.064     -50.7752       3.4472225
      352.318     -55.2747       3.4471710
      354.285     -60.1521       3.4464335
      352.949     -53.0169       3.4461107
      351.345     -60.0535       3.4446776
      351.751     -55.4146       3.4433823
      352.028     -58.2854       3.4418216
      351.218     -51.2485       3.4413245
      359.884     -55.6307       3.4399757
      353.724     -55.2963       3.4396870
      355.428     -56.6625       3.4368823
      356.564     -58.3099       3.4368722
      357.824     -58.0807       3.4339850
      355.420     -59.2451       3.4319868
      357.689     -55.2201       3.4307313
      359.339     -54.9783       3.4294143
      348.377     -51.8354       3.4293272
      347.092     -51.9237       3.4276721
      358.626     -51.7379       3.4270179
      354.558     -55.6578       3.4264297
      353.492     -53.7827       3.4249897
      352.081     -50.8152       3.4219568
      358.697     -59.2458       3.4203606
      357.767     -54.9405       3.4203479
      354.600     -52.2618       3.4176877
      352.286     -53.3110       3.4162090
      359.569     -54.9846       3.4149678
     0.181702     -59.1499       3.4134588
      347.267     -55.6021       3.4124103
      353.461     -52.1110       3.4123085
      355.861     -56.0437       3.4111307
      359.610     -58.0441       3.4083128
      357.773     -52.3734       3.4077232
      353.439     -59.6305       3.4071076
      347.883     -49.7507       3.4059939
      359.217     -51.4434       3.4058590
      351.472     -57.7791       3.4041059
      351.366     -50.6285       3.4017007
      357.934     -55.2896       3.4010813
      355.681     -55.9651       3.3986146
      355.760     -57.8442       3.3980520
      357.530     -54.3928       3.3972950
      355.386     -57.6604       3.3954031
      349.686     -52.5796       3.3946059
      352.890     -57.3348       3.3940537
      353.420     -55.6390       3.3904262
      358.384     -50.4225       3.3886893
      354.702     -58.2368       3.3866346
      347.806     -50.1896       3.3865674
      350.145     -57.8208       3.3862958
      352.863     -49.9845       3.3861461
      344.669     -58.3750       3.3845763
      346.157     -56.7164       3.3794749
      356.703     -54.6785       3.3764334
      346.685     -51.1187       3.3747857
     0.100586     -58.1032       3.3738406
      353.124     -50.6769       3.3737433
      352.261     -56.8464       3.3733463
      355.070     -52.0013       3.3730247
      349.097     -58.1786       3.3726583
      347.159     -57.0042       3.3708434
      356.423     -51.1287       3.3697801
      353.812     -49.7100       3.3691452
      346.234     -58.9440       3.3669355
      348.901     -56.2996       3.3658733
      355.803     -54.7104       3.3655641
      352.956     -50.6265       3.3634877
      353.822     -57.9556       3.3612356
      353.149     -51.7158       3.3602822
      359.569     -54.9846       3.3596911
      359.925     -58.5792       3.3566358
      359.016     -58.9333       3.3552608
      352.863     -49.6960       3.3542902
      356.594     -57.0361       3.3534703
      345.066     -59.5694       3.3522809
      344.756     -52.5391       3.3504291
      347.583     -56.9125       3.3503242
      352.748     -53.8291       3.3482838
      354.798     -57.6257       3.3482640
      354.200     -56.3661       3.3473103
      354.251     -55.4437       3.3471863
      359.695     -56.1669       3.3464856
      358.375     -56.2136       3.3410015
      345.208     -52.5628       3.3402147
      344.551     -49.9542       3.3397264
      349.491     -51.5327       3.3386281
      359.398     -50.1896       3.3384910
      349.664     -52.4262       3.3370125
      353.053     -50.2158       3.3362758
      359.327     -57.0092       3.3342965
      346.886     -50.8928       3.3342881
      354.189     -59.7777       3.3334613
      353.839     -54.1854       3.3331482
      350.778     -58.9438       3.3322442
      344.656     -51.4807       3.3308651
      357.422     -54.0175       3.3304172
      349.369     -53.1059       3.3303990
      350.500     -60.2096       3.3294332
      357.020     -54.8813       3.3293843
      359.259     -57.4396       3.3292093
      358.077     -59.0654       3.3282609
      359.702     -59.6427       3.3281825
      354.962     -49.6572       3.3279259
      345.385     -50.0721       3.3272176
      356.778     -58.8583       3.3245964
      355.179     -50.7521       3.3245156
      359.532     -50.9922       3.3241551
      357.185     -50.5604       3.3232412
      345.002     -57.9875       3.3231213
      354.417     -58.2212       3.3212967
      345.334     -53.1168       3.3211393
      346.520     -57.4812       3.3203516
      349.392     -50.2268       3.3186390
      357.369     -51.2375       3.3173511
      354.302     -55.6302       3.3165939
      346.822     -53.8971       3.3158076
      348.032     -55.0379       3.3148189
      349.904     -59.8271       3.3135033
      345.944     -49.8958       3.3134594
      344.829     -51.6196       3.3125479
      358.294     -52.1342       3.3120451
      346.203     -59.7528       3.3108640
      355.999     -50.4350       3.3103530
      356.161     -58.8938       3.3085535
      346.503     -51.0617       3.3079309
      358.014     -55.4005       3.3078756
      350.061     -52.2273       3.3069000
      351.893     -54.2637       3.3025956
      346.579     -59.7562       3.3024127
      358.326     -54.5847       3.3021984
      355.187     -53.8278       3.3010836
      354.052     -58.8412       3.3006256
      355.850     -53.3141       3.2991593
      357.813     -51.0009       3.2985160
      351.494     -59.3876       3.2979071
      346.422     -59.5014       3.2971311
      353.262     -52.1001       3.2967849
      355.879     -55.8945       3.2949061
      359.917     -52.5662       3.2942016
      357.599     -53.3138       3.2940128
      358.277     -53.9285       3.2912607
      353.811     -58.8693       3.2904835
      355.988     -50.0219       3.2897029
      359.889     -57.4588       3.2876070
      348.337     -56.8500       3.2872519
      345.189     -56.4653       3.2865629
      346.047     -58.9597       3.2856777
      350.488     -58.7437       3.2849860
      345.267     -57.2830       3.2847221
      353.918     -51.0540       3.2842457
      353.968     -53.9970       3.2821329
      351.078     -51.3079       3.2819614
      353.127     -52.3585       3.2819088
      357.061     -51.6281       3.2812269
      351.995     -51.6732       3.2812154
     0.112244     -52.9658       3.2807548
      352.424     -52.9042       3.2803464
      355.294     -55.5546       3.2798872
      359.473     -53.6013       3.2798433
      352.400     -51.1704       3.2787328
      356.800     -55.9729       3.2775240
      348.516     -55.9042       3.2771294
      356.394     -51.5529       3.2762868
      358.740     -52.3634       3.2757568
      346.331     -59.3834       3.2740324
      350.560     -60.3917       3.2738984
      352.563     -53.3321       3.2731032
      357.081     -54.6271       3.2723508
      347.304     -53.2071       3.2720644
      358.144     -51.0118       3.2691803
      347.167     -59.6875       3.2690270
      356.216     -60.0667       3.2689764
      344.818     -59.7791       3.2672663
      358.902     -56.5949       3.2670331
      348.695     -52.9871       3.2606280
      345.371     -58.2873       3.2603672
      359.259     -52.9299       3.2595730
      358.027     -53.8821       3.2592893
      344.838     -57.5452       3.2591760
      357.584     -55.5137       3.2587264
      344.944     -58.4938       3.2579479
      354.342     -56.7971       3.2571957
      358.442     -54.9958       3.2551355
      350.143     -56.4549       3.2548916
      349.875     -55.9730       3.2541177
      356.413     -56.5882       3.2537067
      349.891     -51.9771       3.2533638
      352.622     -54.0729       3.2531240
      359.506     -54.2721       3.2530932
      351.023     -53.4542       3.2524886
      349.272     -53.6262       3.2522321
     0.228210     -58.5042       3.2500634
      357.542     -49.9604       3.2498927
      352.686     -53.0657       3.2486224
      350.082     -54.1396       3.2484672
      351.491     -57.9888       3.2483201
      354.997     -50.9950       3.2483137
      351.152     -50.2266       3.2478702
      346.250     -52.9396       3.2471273
      347.484     -54.2799       3.2457902
      345.810     -55.7304       3.2455697
      358.304     -58.0083       3.2449524
      350.200     -52.5042       3.2441437
      348.649     -54.0682       3.2437193
      355.107     -59.9812       3.2426641
      356.316     -57.0451       3.2426383
      349.670     -57.2320       3.2425451
      346.630     -53.4771       3.2420368
      353.268     -59.7208       3.2409623
      352.384     -57.1991       3.2391229
      357.265     -56.2563       3.2387161
      352.729     -56.2092       3.2381804
      355.695     -52.8134       3.2377918
      346.887     -50.5231       3.2376542
      356.336     -54.5963       3.2373676
      350.220     -51.2479       3.2365420
      358.353     -51.8451       3.2354934
      357.381     -50.1875       3.2347074
      345.329     -53.2797       3.2347071
      346.631     -51.0621       3.2340527
      354.781     -51.1386       3.2337289
      353.507     -53.1458       3.2332478
      347.137     -53.1263       3.2329881
      347.329     -50.3492       3.2323482
      345.971     -50.8696       3.2319825
      358.429     -55.2896       3.2301750
      345.559     -58.9069       3.2285275
      346.707     -53.1736       3.2276602
      347.527     -52.2528       3.2263629
      350.118     -60.3250       3.2258558
      359.710     -54.9312       3.2249455
      348.375     -59.9646       3.2244160
      356.451     -56.7083       3.2234488
      345.641     -56.8384       3.2225771
      354.047     -57.2050       3.2224779
      344.596     -54.7321       3.2221243
      348.921     -56.0513       3.2217624
      346.781     -52.2896       3.2216957
      350.130     -55.7507       3.2212272
      349.868     -55.8000       3.2208703
      349.496     -50.3829       3.2195079
      345.514     -55.2209       3.2181396
      349.905     -59.8271       3.2181165
      358.598     -58.8291       3.2175021
      358.713     -58.2433       3.2173538
      355.089     -54.2343       3.2166147
      359.898     -56.3923       3.2162771
      359.725     -50.3250       3.2153094
      357.283     -51.6688       3.2131631
      357.811     -57.6618       3.2121222
      357.676     -59.8500       3.2096691
      344.608     -56.3708       3.2092311
      353.126     -53.8062       3.2092195
      357.101     -58.2819       3.2084002
      358.270     -59.1292       3.2083333
      354.603     -52.2654       3.2076914
      356.173     -55.9542       3.2069056
      358.255     -50.8791       3.2044830
      349.643     -49.7896       3.2033808
      352.461     -50.8405       3.2031262
      345.876     -51.4924       3.2021351
      352.547     -49.7052       3.2019687
      355.113     -50.1292       3.2017653
      356.313     -52.7521       3.2013581
      354.823     -50.9438       3.2013195
      359.173     -52.5896       3.2009251
      352.168     -59.7507       3.2006831
      350.357     -51.7887       3.2004809
    0.0947571     -53.8835       3.1999564
      354.029     -55.9458       3.1997786
      353.887     -58.1833       3.1993504
      352.511     -50.2683       3.1982784
      358.048     -51.8250       3.1974461
      357.069     -57.5458       3.1973000
      358.031     -52.8345       3.1967492
      349.353     -58.8054       3.1967454
      354.031     -58.1071       3.1964839
      351.998     -54.9299       3.1961899
      344.379     -59.8361       3.1957738
      352.363     -57.6427       3.1950278
      348.581     -57.1803       3.1944578
      348.671     -53.2417       3.1940529
      346.382     -50.5901       3.1935508
      352.768     -53.2271       3.1933413
      350.686     -57.9458       3.1932111
      357.037     -51.1208       3.1921980
      350.640     -56.8708       3.1914530
      347.493     -54.9541       3.1898425
      354.858     -52.7571       3.1882586
      349.105     -58.4750       3.1880293
      358.428     -55.1308       3.1878612
      352.439     -51.8541       3.1875718
      347.577     -53.4833       3.1867838
      356.373     -57.3313       3.1862454
      348.877     -57.1946       3.1860683
      356.284     -51.6149       3.1854475
      355.196     -56.2118       3.1843345
      349.214     -57.3958       3.1838846
      355.868     -55.6542       3.1837106
      355.340     -50.0758       3.1837025
      355.967     -54.6021       3.1833181
      358.261     -56.5488       3.1827168
      359.173     -60.0809       3.1826940
      357.548     -57.4437       3.1822727
      347.511     -50.1042       3.1822143
      344.487     -56.1562       3.1818340
      344.427     -58.1625       3.1812427
      359.894     -52.9245       3.1810555
      352.293     -55.9035       3.1809435
      348.464     -58.2929       3.1801848
      352.074     -51.2416       3.1796472
      345.971     -54.3979       3.1795807
      352.392     -54.4958       3.1793201
      347.745     -59.8458       3.1789553
      354.684     -58.5288       3.1788104
      352.267     -54.4708       3.1763670
      354.320     -59.6062       3.1760843
      352.145     -55.2224       3.1755180
      349.961     -53.1719       3.1752942
      349.966     -52.5109       3.1752374
      359.825     -55.2500       3.1745300
      346.276     -59.9750       3.1731296
      358.382     -52.4688       3.1729944
      353.681     -57.4762       3.1726673
      352.681     -56.5584       3.1721318
      352.035     -51.1229       3.1709776
      358.838     -54.5854       3.1708109
      346.029     -58.0794       3.1706190
      344.908     -55.2882       3.1703403
     0.326385     -56.2079       3.1699212
      357.072     -53.7828       3.1695027
      352.736     -58.9440       3.1689188
      355.154     -60.2382       3.1687465
      347.362     -51.4167       3.1684210
      356.557     -56.3779       3.1676114
      356.933     -58.4333       3.1673753
      354.587     -52.9271       3.1659524
      358.719     -53.0125       3.1653042
      356.323     -57.2063       3.1649027
      350.450     -56.8368       3.1646779
      358.175     -59.9250       3.1639171
      356.420     -51.0929       3.1618385
      348.076     -55.4007       3.1615999
      359.241     -50.0359       3.1615334
      345.375     -50.5529       3.1608052
      352.142     -56.1351       3.1605856
      352.988     -49.9403       3.1602848
      350.877     -50.3871       3.1598997
      356.044     -58.3203       3.1577854
      350.706     -54.3580       3.1574044
      352.352     -53.9859       3.1572633
      352.290     -52.1000       3.1561229
      351.848     -54.7183       3.1560767
      345.304     -54.3479       3.1553917
      347.195     -55.3958       3.1551924
      349.664     -51.4979       3.1542523
      358.093     -51.9288       3.1538799
      345.821     -56.2521       3.1529160
      357.259     -58.2542       3.1524394
      354.159     -58.9292       3.1518764
      359.789     -54.8146       3.1515870
      349.495     -59.3146       3.1510406
      356.497     -57.8792       3.1501358
      350.020     -58.3917       3.1499081
      347.705     -52.4590       3.1469545
      356.509     -50.0652       3.1443276
      358.024     -55.9417       3.1437039
      354.633     -54.1958       3.1430266
      349.666     -57.6500       3.1421509
      348.309     -57.3229       3.1419163
      345.827     -60.2375       3.1417668
     0.270813     -55.4944       3.1404448
      351.813     -56.0583       3.1399202
      353.292     -57.9208       3.1382554
      350.249     -50.4962       3.1367960
      349.749     -54.8201       3.1363163
      358.104     -54.6507       3.1360583
      346.288     -53.1791       3.1360321
      356.896     -53.9408       3.1358278
      346.815     -52.0250       3.1350994
      353.720     -51.8041       3.1350570
      356.649     -50.5963       3.1341558
      351.551     -51.1404       3.1340423
      351.262     -53.4937       3.1340053
      345.367     -59.5896       3.1339149
      351.322     -58.4354       3.1334603
      356.532     -51.0791       3.1333995
      351.659     -52.4563       3.1333899
      357.579     -59.0179       3.1332629
      359.934     -49.8250       3.1329038
      358.540     -52.0000       3.1323769
      351.310     -54.7271       3.1313100
      350.100     -56.7362       3.1306732
      347.713     -58.3224       3.1305084
      350.783     -55.0563       3.1304936
      352.264     -51.2333       3.1297953
      348.268     -51.7297       3.1297903
      358.913     -52.4453       3.1295700
      349.414     -53.2646       3.1289358
      349.616     -53.0500       3.1288643
      350.427     -55.9879       3.1256685
      344.825     -56.9646       3.1256435
      354.740     -49.7208       3.1254573
      358.051     -54.9132       3.1247711
      356.229     -55.3901       3.1245735
     0.115204     -55.7066       3.1223066
      359.713     -56.6821       3.1222713
      350.408     -50.7062       3.1221948
      353.610     -58.6625       3.1220160
      355.779     -56.6386       3.1209915
      356.211     -53.0771       3.1208150
      352.865     -59.6882       3.1201203
      350.864     -53.2132       3.1192417
      352.312     -52.5083       3.1186540
      352.216     -50.3583       3.1167789
      358.554     -55.4979       3.1163745
      359.358     -55.6375       3.1156077
      350.486     -54.4604       3.1148877
      351.658     -50.3438       3.1131992
      347.531     -50.4458       3.1131463
      349.795     -54.0687       3.1130145
      358.826     -51.7836       3.1129210
      358.685     -57.2041       3.1123328
      346.763     -51.3951       3.1116920
      350.375     -52.1577       3.1113725
      353.439     -56.1500       3.1109445
      354.993     -56.8125       3.1109142
      351.332     -58.2500       3.1095586
      349.231     -53.0187       3.1087832
      348.520     -54.0304       3.1081352
      349.027     -56.4625       3.1076159
      350.605     -55.4313       3.1072254
      349.684     -52.2922       3.1071675
      345.089     -55.0035       3.1071188
      357.054     -50.9583       3.1067510
      352.252     -50.1840       3.1067469
      348.664     -60.2041       3.1063912
      346.523     -52.5432       3.1062195
      355.570     -50.1625       3.1060309
      356.689     -50.2438       3.1056619
      349.035     -59.2507       3.1054883
      355.907     -52.0580       3.1051891
      348.413     -52.7250       3.1041849
      354.909     -49.9562       3.1041348
      354.923     -54.4785       3.1025121
      357.288     -52.5504       3.1023693
      355.739     -50.2125       3.1018732
      344.593     -52.9833       3.1014671
      348.171     -51.0451       3.1004207
      350.786     -50.2542       3.0991037
      344.817     -53.0321       3.0987067
      346.692     -52.9007       3.0985305
      354.648     -50.4632       3.0983257
      358.127     -57.5687       3.0982642
      349.136     -49.8125       3.0968289
      358.640     -55.7687       3.0961840
      355.641     -55.4347       3.0955687
      349.977     -58.6500       3.0951829
      352.719     -58.1639       3.0945895
      359.014     -53.9312       3.0942070
      347.311     -52.7125       3.0939517
      355.630     -56.6051       3.0930474
      347.366     -53.0635       3.0929961
      351.081     -51.8375       3.0929806
      358.328     -60.2632       3.0927622
      354.643     -56.5583       3.0927157
      359.437     -54.4167       3.0925834
      345.751     -55.4409       3.0922890
      348.383     -52.9571       3.0918486
      349.726     -54.3340       3.0908444
      349.990     -56.2071       3.0896826
      352.458     -59.9678       3.0896056
      347.551     -51.2604       3.0892944
      346.950     -57.8312       3.0889344
      355.514     -59.6542       3.0885680
      350.386     -55.3417       3.0874581
      355.518     -54.9521       3.0873044
      359.148     -51.5215       3.0868282
      344.515     -52.1512       3.0849786
      356.297     -53.5715       3.0846293
      355.638     -53.1646       3.0834167
      355.718     -55.8484       3.0831020
      352.979     -51.2479       3.0829465
      358.098     -57.8459       3.0821471
      359.130     -50.9609       3.0820525
      347.435     -55.4416       3.0815153
      351.562     -52.0354       3.0812297
      354.603     -55.9667       3.0810885
      357.597     -57.9583       3.0805726
      359.044     -51.9250       3.0805397
      358.695     -51.9991       3.0803649
      354.535     -51.7570       3.0796692
      350.350     -57.8986       3.0792394
      346.804     -55.4721       3.0791020
      350.224     -52.2979       3.0786874
     0.140533     -58.6264       3.0772753
      347.725     -51.5583       3.0770221
      350.280     -51.3521       3.0767877
      354.310     -54.8762       3.0757785
      355.045     -57.0125       3.0755162
      344.368     -57.3292       3.0752916
      358.607     -55.2285       3.0750158
      345.387     -49.7042       3.0743589
      355.122     -50.3071       3.0743015
      355.035     -58.8708       3.0738757
      347.442     -50.2496       3.0737834
      354.343     -54.7785       3.0729237
      356.216     -56.4021       3.0727742
      354.850     -51.2458       3.0724449
      352.811     -54.8779       3.0719719
      347.360     -58.6507       3.0719309
     0.121124     -50.2679       3.0705578
      348.178     -59.3709       3.0696776
      347.952     -50.1451       3.0695701
      347.659     -56.0396       3.0687966
      352.233     -57.4583       3.0680468
      347.242     -59.4302       3.0673945
      359.642     -51.6224       3.0667098
      354.090     -55.0719       3.0665467
      347.850     -51.0208       3.0663798
      345.830     -53.6188       3.0662119
      349.944     -54.7542       3.0652936
      344.649     -51.9229       3.0646298
      350.702     -59.7250       3.0646033
      356.449     -50.7188       3.0644827
      359.360     -59.1504       3.0638971
      355.730     -50.1250       3.0636723
      359.656     -50.3854       3.0626526
      357.746     -52.2375       3.0620008
      353.045     -59.4667       3.0617492
      344.690     -52.7917       3.0610533
      352.784     -54.1083       3.0606344
      348.679     -54.5063       3.0601199
      359.771     -53.0007       3.0593791
      358.506     -53.8917       3.0589454
      345.625     -59.4896       3.0572999
      348.503     -53.5042       3.0556781
      346.800     -49.6583       3.0555792
      349.857     -52.7632       3.0549316
      356.240     -50.0160       3.0546265
      355.047     -55.4146       3.0527720
      348.730     -58.2396       3.0526299
      354.389     -51.2410       3.0517082
      357.489     -57.8292       3.0513706
      358.834     -52.8979       3.0511892
      348.594     -51.0375       3.0511329
      354.989     -51.2118       3.0507801
      349.624     -49.6875       3.0505483
      358.876     -59.1792       3.0500617
      352.391     -58.9042       3.0477076
      354.793     -57.4562       3.0474448
      346.734     -52.0792       3.0473516
      347.373     -54.4490       3.0455501
      348.704     -49.6750       3.0441945
      353.910     -51.6362       3.0439417
      352.737     -59.2196       3.0432699
      357.396     -52.8229       3.0432379
      352.548     -58.8063       3.0429246
      355.368     -58.5507       3.0423951
      359.558     -53.9437       3.0423207
      353.955     -50.1042       3.0413420
      344.854     -56.3757       3.0410454
      352.870     -54.3076       3.0406241
      352.410     -57.9417       3.0403979
      359.478     -59.4549       3.0398595
      358.497     -54.7424       3.0395408
      351.404     -56.5417       3.0371423
      355.337     -54.2875       3.0369995
      355.375     -52.4882       3.0368624
      346.236     -53.0625       3.0363529
      346.699     -54.1688       3.0350783
      351.638     -52.6708       3.0347538
      346.164     -52.6201       3.0332723
      355.974     -55.1917       3.0328715
      348.603     -55.3333       3.0325947
      359.650     -58.9333       3.0321567
      348.423     -50.6854       3.0318928
      348.072     -60.0854       3.0318255
      354.704     -58.0417       3.0314758
      359.655     -58.3965       3.0314436
      344.807     -53.2021       3.0307982
      359.247     -52.1771       3.0306401
      355.876     -53.5812       3.0304763
      357.829     -53.9215       3.0294554
      347.793     -54.2792       3.0275857
      347.702     -50.0750       3.0274255
      356.656     -52.2583       3.0270138
      356.294     -55.9792       3.0266728
      351.594     -56.0167       3.0257187
      347.512     -56.6632       3.0244389
      351.563     -59.9708       3.0243399
      357.005     -54.4271       3.0231657
      350.140     -59.3250       3.0207927
      350.628     -52.7354       3.0203941
      354.160     -51.4083       3.0188048
      345.076     -53.9313       3.0181568
      356.135     -57.4813       3.0181308
      353.631     -57.0917       3.0163136
      355.417     -55.7479       3.0158699
      353.901     -50.4604       3.0152445
      346.088     -53.9542       3.0134802
      350.031     -55.9792       3.0114796
      345.331     -50.7771       3.0112479
      353.464     -50.8896       3.0068746
