      354.355     -59.7052       29.160017
      355.301     -51.3333       16.212097
      352.969     -50.8711       15.326790
     0.246521     -57.8067       11.620856
      355.354     -57.4140       9.7923918
      355.692     -54.1851       9.5282421
      353.104     -53.9724       8.8524609
      357.903     -54.8851       8.2889643
      359.937     -50.1743       8.2083044
      352.475     -58.5276       8.0131750
      345.174     -53.5207       7.8505602
     0.412018     -54.6710       7.4976950
      344.998     -56.2845       7.1859636
      357.727     -53.0220       7.0621982
      355.839     -50.4042       6.8366957
      349.211     -54.9040       6.7906981
      358.850     -51.9472       6.3865004
      352.900     -57.6167       6.2092090
      344.795     -53.8239       6.0499334
      358.946     -50.9314       5.9029856
      350.218     -50.4570       5.8717542
      347.898     -55.3721       5.8306351
      352.171     -55.5633       5.8106985
      354.085     -52.8729       5.7681646
      353.030     -50.8949       5.7437201
      358.712     -56.5500       5.7170320
      347.572     -59.3180       5.6526961
      358.939     -52.9894       5.6029215
      347.252     -57.1750       5.5824594
      349.870     -58.7123       5.4744792
      359.267     -54.3579       5.4739223
      344.977     -54.5263       5.4518757
      345.813     -51.2427       5.4482236
      350.125     -52.5670       5.2802238
      345.455     -55.7752       5.2659616
      354.404     -59.1978       5.2266555
      359.532     -52.4859       5.0186243
      346.782     -54.6707       4.9878802
      346.271     -57.3216       4.9673657
      350.069     -58.1297       4.9471960
      346.105     -57.3095       4.9002852
      355.452     -51.6418       4.8243990
      359.154     -53.1890       4.7807150
      348.152     -52.3310       4.7728844
      358.543     -51.1055       4.7444406
      346.614     -51.3459       4.7035894
      355.645     -57.2483       4.6040926
      345.748     -52.6157       4.5898857
      345.281     -58.6673       4.5697808
      356.274     -52.5891       4.5363488
      344.824     -53.0332       4.5317950
      348.986     -60.4654       4.5161242
      351.779     -51.6263       4.5062633
      355.445     -56.6648       4.4905043
      353.698     -59.6486       4.4828548
      349.326     -50.0051       4.4814763
      356.886     -57.0797       4.4742293
      348.530     -55.9031       4.4409866
      352.034     -55.8516       4.4369907
      346.622     -55.9985       4.4276032
      354.869     -55.8414       4.4154677
      357.832     -50.0963       4.4119802
      348.874     -58.8633       4.3462892
      345.616     -49.7325       4.3255553
      354.207     -57.6293       4.3250775
      358.868     -55.2505       4.3158312
      358.457     -53.4016       4.3123584
      355.906     -58.0342       4.2864962
      347.992     -58.3395       4.2783327
      349.336     -53.9685       4.2316403
      357.389     -51.2313       4.2274146
      345.907     -57.2406       4.2228065
      350.880     -57.8788       4.2174258
      354.901     -50.9145       4.2152419
      354.022     -53.8830       4.2141600
      349.189     -50.4515       4.2000422
      355.269     -57.0210       4.1974897
      356.058     -60.0077       4.1850724
      355.093     -53.1852       4.1775532
      357.480     -49.8775       4.1746011
      356.900     -51.4779       4.1692553
      355.315     -51.7049       4.1613164
      359.810     -51.5798       4.1326127
      344.771     -52.5379       4.1237297
      345.661     -57.1711       4.1162257
      350.006     -56.1125       4.1090255
      349.328     -57.4292       4.1083174
      359.953     -53.3286       4.0969939
      346.675     -51.8871       4.0938802
    0.0345764     -60.3338       4.0799866
      358.503     -54.7463       4.0769105
      348.393     -53.0773       4.0766745
      357.608     -51.1313       4.0766711
      350.485     -51.7466       4.0701900
      351.631     -52.6644       4.0591049
      348.506     -57.7935       4.0545516
      357.223     -51.6179       4.0536437
      359.354     -54.9828       4.0529895
      350.341     -50.8683       4.0470185
      350.173     -59.8520       4.0433211
      358.395     -50.4132       4.0409060
      351.687     -54.9892       4.0331845
      355.872     -56.0408       4.0211954
      359.169     -53.7919       3.9972706
      357.596     -53.1870       3.9957986
      358.266     -49.6382       3.9946926
      358.798     -60.0400       3.9843547
      357.531     -54.4997       3.9833503
      349.742     -50.1986       3.9667647
      355.569     -55.0430       3.9658535
      355.649     -55.4293       3.9594400
      345.930     -56.7298       3.9588587
      358.028     -54.3908       3.9438653
      354.556     -49.7076       3.9430470
      351.421     -53.2771       3.9306014
      359.070     -60.2189       3.9305232
      348.096     -55.3961       3.9263771
      358.535     -52.0133       3.9188232
      345.757     -54.2037       3.9094570
      348.482     -58.2909       3.9088624
      346.829     -52.0313       3.9002273
      344.684     -53.2669       3.8979990
      355.431     -59.2454       3.8932984
      357.295     -51.6730       3.8880379
      349.700     -56.2864       3.8872333
      349.416     -55.4113       3.8743708
      348.750     -57.4054       3.8666103
      359.136     -51.9927       3.8650546
      345.021     -57.9954       3.8606954
      357.711     -55.2196       3.8588209
      354.328     -49.6784       3.8558900
      356.954     -59.6004       3.8500202
      346.695     -51.1207       3.8435616
      355.897     -54.9014       3.8427181
      355.485     -53.1307       3.8416297
      355.665     -54.0903       3.8343759
      356.267     -59.5750       3.8149548
      358.046     -53.8762       3.8110459
      348.690     -53.2422       3.8102832
      353.497     -53.5533       3.8070884
     0.351318     -56.2114       3.8053198
      357.827     -51.0006       3.8001230
      358.092     -59.0673       3.7980413
      357.984     -56.9734       3.7965503
      351.352     -60.0496       3.7962074
      347.370     -53.0602       3.7954111
      354.951     -50.1677       3.7950070
      355.571     -59.1277       3.7878807
      347.703     -55.4195       3.7872131
      356.471     -54.0460       3.7773690
      350.089     -52.2303       3.7769959
      353.559     -51.4600       3.7591352
      353.099     -58.8877       3.7547889
      358.662     -54.6327       3.7515163
      348.298     -49.8605       3.7515094
      353.476     -54.7712       3.7507601
      347.325     -52.7156       3.7402444
      347.452     -50.2469       3.7402108
      353.007     -49.9417       3.7378993
      359.712     -58.1759       3.7292321
      357.948     -55.2879       3.7287292
      356.227     -60.0654       3.7247758
      345.920     -58.2443       3.7188573
      351.431     -53.9300       3.7187948
      350.036     -58.3947       3.7163768
      347.703     -52.6608       3.7155242
      355.731     -52.8161       3.7131002
      349.381     -53.1059       3.7104506
      353.877     -54.5829       3.7085705
      345.469     -51.9677       3.6995995
      352.223     -51.7463       3.6967824
      356.164     -53.5354       3.6893966
      359.218     -59.2520       3.6884856
      357.928     -53.5104       3.6882911
      359.802     -54.8191       3.6863058
      356.509     -57.8811       3.6732657
      353.985     -56.2926       3.6723993
      359.902     -52.9234       3.6708546
      357.448     -56.1792       3.6685483
      356.110     -52.5409       3.6681783
      346.594     -59.9941       3.6679606
      348.288     -54.8153       3.6596406
      352.462     -51.1625       3.6583929
      355.644     -57.4584       3.6569834
      356.039     -53.1969       3.6562722
      346.774     -52.2948       3.6561375
      346.731     -53.9728       3.6557975
     0.301270     -56.3215       3.6539989
      348.994     -51.4632       3.6513546
      346.359     -55.0041       3.6450822
      355.200     -53.8235       3.6446576
      348.683     -54.0774       3.6418848
      348.865     -51.9042       3.6385157
      348.696     -50.6393       3.6364868
      357.306     -52.5482       3.6348944
      348.185     -51.0484       3.6327603
      354.066     -58.8432       3.6314685
      357.413     -55.3291       3.6239347
      346.023     -51.8386       3.6233435
      356.870     -56.5965       3.6219633
      346.075     -55.2661       3.6188626
      345.858     -53.5892       3.6177273
      355.765     -55.3655       3.6168888
      357.816     -58.9790       3.6166482
      353.143     -52.3466       3.6158421
     0.291199     -55.4959       3.6147399
      352.807     -53.0261       3.6143956
      350.294     -50.4972       3.6125901
      354.527     -51.3871       3.6110141
      351.276     -57.7925       3.6088490
      358.340     -52.1107       3.6075249
      349.646     -59.6322       3.6074159
      355.925     -52.0563       3.6072476
      354.718     -52.2868       3.5987926
      350.799     -55.0599       3.5982723
      348.088     -50.4155       3.5976317
      347.840     -50.1949       3.5919039
      357.259     -53.6271       3.5885863
      358.212     -52.8689       3.5874972
      356.296     -50.2958       3.5869150
      358.607     -54.2796       3.5815907
      357.349     -51.1766       3.5782516
      349.411     -50.2277       3.5778506
      357.837     -58.0784       3.5773041
      345.811     -54.8069       3.5760307
      349.830     -51.8436       3.5758305
      353.632     -58.3804       3.5735838
      357.947     -52.8896       3.5732288
      348.777     -56.0938       3.5686355
      347.231     -51.5995       3.5681717
      358.613     -53.0376       3.5667462
      352.426     -49.6048       3.5647314
      345.688     -57.9271       3.5587475
      358.859     -56.3786       3.5586534
      357.495     -53.1667       3.5560288
      344.699     -50.2139       3.5513771
      354.594     -57.4143       3.5492818
      356.946     -51.9764       3.5450807
      345.812     -60.4240       3.5422122
      354.691     -58.5306       3.5418487
      349.073     -51.9889       3.5414593
      354.571     -52.3424       3.5373325
      346.182     -56.7177       3.5369353
      354.253     -54.9776       3.5360093
      348.742     -58.2393       3.5356464
      350.115     -54.4958       3.5338209
      355.132     -52.4681       3.5335677
      345.656     -58.0617       3.5324831
      353.831     -53.9361       3.5324454
      350.069     -53.4903       3.5321758
     0.389038     -57.3138       3.5297832
      348.602     -57.1840       3.5295010
      352.493     -55.3250       3.5278614
      354.722     -56.0229       3.5260603
      359.566     -58.0834       3.5231314
      349.907     -57.1479       3.5207775
      356.954     -58.4377       3.5192518
      348.703     -49.8902       3.5189250
      358.870     -50.4834       3.5152359
      345.906     -57.6387       3.5138299
      353.703     -59.8932       3.5135427
      350.947     -51.4421       3.5077198
      354.417     -58.2162       3.5033677
      359.587     -54.9841       3.5031092
      356.672     -52.2587       3.5026276
      344.571     -58.4849       3.4999354
      346.049     -50.4937       3.4970148
      350.394     -54.3110       3.4926207
      345.836     -56.2557       3.4913836
      349.937     -52.2735       3.4910085
      349.354     -58.5890       3.4896095
      347.539     -50.1010       3.4885948
      355.656     -49.9349       3.4876881
      354.942     -54.4697       3.4831607
      353.355     -54.3987       3.4823976
      357.793     -52.3725       3.4806924
      351.346     -58.2548       3.4804292
      354.866     -52.7579       3.4793668
      346.703     -52.9002       3.4760761
      358.854     -54.5908       3.4742048
      353.675     -51.4828       3.4697444
      346.555     -51.4959       3.4672267
      344.982     -52.2104       3.4652379
      345.972     -56.4313       3.4628906
     0.384949     -55.8715       3.4619927
      353.689     -55.9001       3.4608891
      357.539     -52.6938       3.4608805
      347.595     -58.1901       3.4546044
      344.661     -59.7051       3.4524779
      349.723     -56.4196       3.4524055
      345.354     -53.2738       3.4512053
      350.186     -54.3244       3.4475372
      359.548     -49.9979       3.4460523
     0.241394     -53.1917       3.4457510
      350.642     -56.8713       3.4452684
      346.758     -54.1884       3.4440529
      349.183     -55.5691       3.4439352
      353.840     -57.9521       3.4426632
      346.833     -53.8979       3.4425697
      358.469     -50.1972       3.4423192
      356.673     -57.6801       3.4416091
      353.520     -53.1410       3.4390738
      350.620     -53.1916       3.4363532
      356.438     -56.7271       3.4356077
      354.208     -50.3187       3.4353554
      358.079     -57.4547       3.4336205
      351.525     -50.9653       3.4310153
      357.602     -55.5117       3.4295046
      348.470     -51.7396       3.4266841
      349.812     -54.0735       3.4249237
      359.668     -50.3861       3.4246697
      350.876     -53.2187       3.4238079
      354.573     -55.6583       3.4221449
      345.950     -56.0113       3.4200158
      348.556     -52.7474       3.4195743
      357.976     -54.5390       3.4179595
      357.145     -56.6653       3.4178121
      355.071     -55.4184       3.4177916
      348.478     -52.4759       3.4169986
      353.865     -51.0395       3.4165876
      353.172     -51.7218       3.4164777
      359.247     -55.5576       3.4156413
      359.803     -50.2099       3.4154952
      344.568     -56.0189       3.4149830
      356.095     -56.9328       3.4135060
      347.065     -50.2996       3.4125760
      346.623     -56.8807       3.4122725
      359.647     -51.6120       3.4086833
      351.768     -59.6424       3.4077742
      356.774     -56.2869       3.4017348
      356.466     -50.7165       3.3989315
      358.873     -52.6929       3.3976285
      348.276     -52.3672       3.3971539
      358.906     -56.6036       3.3948812
      346.176     -58.5008       3.3944466
      350.219     -52.5021       3.3923748
      344.855     -57.5445       3.3908377
      356.541     -49.9524       3.3899748
      346.008     -50.1126       3.3882012
      355.722     -52.1226       3.3874712
      350.154     -56.4588       3.3860276
      348.568     -54.1708       3.3845294
      347.412     -54.6901       3.3844836
      358.293     -53.9313       3.3835435
      346.171     -54.4654       3.3834848
      350.216     -54.8884       3.3832932
      349.660     -49.7868       3.3832603
      349.917     -55.9104       3.3829439
      353.286     -52.0934       3.3812006
      344.894     -57.8038       3.3798778
      352.805     -55.3713       3.3793859
      348.375     -51.8385       3.3775299
      354.046     -58.1265       3.3775067
      357.026     -54.4312       3.3765852
      351.817     -56.0541       3.3762391
      355.124     -50.1347       3.3756173
      352.249     -52.6942       3.3753431
      353.379     -52.2660       3.3742206
      344.736     -51.4104       3.3725424
      359.783     -59.1141       3.3718693
      356.437     -51.0958       3.3694177
      354.513     -58.3641       3.3679867
      355.217     -57.5026       3.3668149
      355.334     -51.0670       3.3657448
      354.883     -52.1431       3.3654854
      347.282     -55.0943       3.3652742
      350.058     -51.0698       3.3642979
      356.849     -52.8979       3.3612950
      356.191     -58.8759       3.3602862
      354.103     -56.0068       3.3587618
     0.277710     -52.1646       3.3568220
      346.736     -51.7750       3.3558319
      355.037     -54.8187       3.3557606
      351.248     -60.2787       3.3541946
     0.131927     -50.2502       3.3528893
      347.023     -57.2000       3.3526521
      349.777     -59.4542       3.3498144
      352.667     -51.5013       3.3489344
      346.380     -51.1569       3.3489294
      346.300     -53.1772       3.3484759
      346.187     -55.3146       3.3475316
      347.981     -59.1430       3.3467243
      357.768     -56.0824       3.3462381
      349.675     -57.6480       3.3459346
      345.830     -49.8327       3.3452592
      359.609     -56.2140       3.3444674
    0.0133362     -59.1660       3.3408988
      345.817     -51.4321       3.3403904
      351.341     -58.4395       3.3398237
      353.583     -51.5313       3.3392146
      348.494     -52.1319       3.3377514
      354.832     -53.5833       3.3375139
      350.084     -50.0708       3.3359621
      355.127     -53.9873       3.3355558
      353.499     -57.7820       3.3354475
      359.896     -56.7230       3.3346903
      357.892     -56.0354       3.3330514
      348.911     -56.2979       3.3326066
      350.142     -60.3250       3.3325796
      345.652     -51.8779       3.3321879
      349.904     -51.9771       3.3273449
      347.119     -54.2000       3.3271370
      353.076     -50.2194       3.3247342
      359.587     -60.4267       3.3245802
      355.506     -53.7730       3.3232870
      348.352     -56.8444       3.3210900
      358.073     -54.9145       3.3206239
      356.506     -50.0689       3.3202424
      355.522     -50.0138       3.3201773
      350.452     -56.2055       3.3199131
      347.108     -58.0353       3.3176138
      353.471     -52.1113       3.3163748
      344.843     -56.9709       3.3157985
      346.290     -55.5099       3.3147078
      349.681     -52.4263       3.3137944
      358.395     -52.4680       3.3136642
      352.681     -53.0646       3.3136461
      345.208     -57.9203       3.3136263
      352.907     -54.6847       3.3121929
      358.217     -60.3228       3.3111444
      352.538     -59.8770       3.3100560
      358.064     -58.2430       3.3094006
      356.323     -55.6179       3.3090177
      346.810     -56.7929       3.3081999
      357.445     -52.8474       3.3072727
      359.588     -54.9020       3.3066804
      356.419     -59.6438       3.3062651
      349.255     -50.5780       3.3057990
      345.816     -51.7672       3.3053889
      354.885     -51.3854       3.3022225
      353.997     -59.7573       3.3011663
      348.857     -53.0356       3.3010707
      358.030     -55.3972       3.3002472
      352.621     -55.4271       3.3000338
      354.831     -50.9396       3.2999625
      352.007     -50.2735       3.2996387
      344.586     -57.2777       3.2991469
      354.084     -58.5396       3.2984598
      359.518     -51.9929       3.2970142
      350.706     -57.9424       3.2958519
      355.481     -51.8292       3.2943087
      347.618     -51.8130       3.2941318
      357.552     -50.2500       3.2939248
      356.797     -58.8596       3.2933121
      359.986     -57.6790       3.2929764
      359.550     -54.9280       3.2925725
     0.264984     -51.2000       3.2925291
      354.710     -60.1612       3.2918403
      359.021     -59.7114       3.2900939
      357.620     -59.2471       3.2898464
      345.676     -54.0931       3.2896528
      346.840     -51.1071       3.2896328
      352.893     -57.3396       3.2890332
      345.377     -52.5375       3.2873437
     0.316467     -55.2958       3.2866375
      352.449     -51.8396       3.2861578
      345.922     -49.6339       3.2860525
     0.423340     -52.7320       3.2852569
      347.274     -51.8458       3.2842922
      354.671     -51.9292       3.2840278
      354.235     -59.9041       3.2837791
      359.782     -50.4062       3.2829010
      356.839     -53.8583       3.2816584
      356.005     -50.4532       3.2815650
      353.941     -53.8404       3.2809179
      350.537     -50.1286       3.2808349
      347.236     -58.0659       3.2804086
      345.577     -58.9063       3.2773767
      359.864     -55.1804       3.2750437
      359.084     -54.5696       3.2749455
      359.461     -54.4242       3.2735679
      354.559     -51.7526       3.2732179
      347.015     -57.9557       3.2691498
      351.701     -50.0670       3.2679081
      345.483     -52.1981       3.2675278
      351.046     -57.4461       3.2671373
      348.124     -52.4423       3.2663932
      351.150     -49.5879       3.2654226
      344.949     -55.7422       3.2637465
      359.661     -59.7529       3.2618744
      350.565     -57.1334       3.2615697
      348.223     -57.9776       3.2596328
      351.774     -52.7204       3.2585809
      344.926     -59.9255       3.2557387
      345.205     -56.4669       3.2547698
      357.343     -50.4187       3.2543447
      345.953     -51.4576       3.2541420
      359.901     -60.1229       3.2540903
      358.268     -50.8790       3.2536690
      349.241     -56.6607       3.2532721
     0.231812     -52.5854       3.2528143
     0.112946     -58.1042       3.2524834
      350.410     -52.6349       3.2524271
      354.334     -55.0382       3.2519665
      344.626     -51.4479       3.2508869
      350.037     -49.9538       3.2501905
      348.538     -49.8792       3.2475059
      359.197     -57.3562       3.2451513
      354.715     -58.2333       3.2436576
      356.325     -52.7544       3.2431176
      352.146     -56.1632       3.2415907
      358.851     -51.7836       3.2401159
      350.034     -54.4179       3.2377851
      353.256     -59.7171       3.2376950
      355.048     -58.5745       3.2367408
      357.440     -58.0284       3.2355103
      356.914     -54.5354       3.2354348
      345.192     -49.8346       3.2348611
      358.180     -54.0366       3.2345314
      351.556     -52.0234       3.2336948
      357.466     -51.6462       3.2336366
      359.275     -51.6509       3.2333672
     0.110565     -53.8866       3.2328515
      354.657     -52.0708       3.2314892
      349.083     -56.1861       3.2311623
      345.510     -58.3091       3.2308018
      345.399     -50.0674       3.2306917
      351.099     -51.1792       3.2305791
      352.747     -55.9715       3.2293367
      345.428     -60.3430       3.2283840
      350.100     -53.3542       3.2280812
      350.478     -58.7444       3.2271774
      351.661     -50.7766       3.2269094
      359.630     -50.5646       3.2264977
      356.402     -54.4757       3.2264812
      357.249     -50.8799       3.2257419
      353.863     -57.0396       3.2256551
      354.195     -59.7451       3.2253380
     0.103638     -53.4388       3.2248325
      347.480     -55.0646       3.2247779
      357.022     -55.7092       3.2246027
      356.866     -55.4967       3.2236066
      347.046     -60.1945       3.2235773
      353.231     -53.5958       3.2233889
      358.656     -51.3250       3.2218263
      350.749     -56.5739       3.2217472
      358.112     -57.8438       3.2209833
      349.456     -50.0911       3.2194579
      345.784     -57.7641       3.2193091
      353.201     -55.2872       3.2192826
      350.922     -52.9312       3.2189183
      358.676     -54.6327       3.2175622
      345.963     -55.6118       3.2170477
      352.002     -51.6611       3.2162492
      354.413     -56.3909       3.2155383
      352.877     -49.6891       3.2151155
      350.499     -54.4593       3.2147260
      351.470     -55.7638       3.2145143
      348.809     -56.3417       3.2138608
      356.950     -56.7209       3.2134154
      358.470     -50.1884       3.2133214
      344.466     -60.0034       3.2126455
      359.074     -50.7882       3.2125309
      345.994     -52.6581       3.2098112
      352.009     -54.9326       3.2094054
      354.985     -49.6493       3.2085555
      349.436     -53.2625       3.2074111
      357.595     -59.0127       3.2071238
      358.444     -51.4430       3.2056265
      357.855     -58.0188       3.2055728
      355.033     -58.8666       3.2043169
      353.646     -60.4209       3.2034569
      345.134     -59.3996       3.2034409
      345.088     -53.0667       3.2026157
      355.492     -52.2007       3.2022431
      353.136     -50.6750       3.2012138
     0.211456     -53.6118       3.1991193
      358.610     -58.8299       3.1989276
      346.692     -50.6271       3.1989074
      359.335     -57.0120       3.1981738
      345.805     -53.7937       3.1980059
      346.044     -58.0787       3.1956575
      350.293     -51.3468       3.1955373
      345.086     -53.9342       3.1948786
      345.842     -60.2396       3.1944008
      349.117     -58.1833       3.1942620
      353.850     -54.1813       3.1936944
      357.544     -58.7705       3.1936378
      346.216     -52.2521       3.1935673
     0.332855     -54.7908       3.1932399
      359.255     -50.0382       3.1931198
      350.778     -54.2132       3.1919489
      353.083     -59.0215       3.1916747
      355.973     -50.1500       3.1912439
      358.486     -50.7409       3.1910291
      356.573     -60.1952       3.1903870
      351.428     -52.1471       3.1901968
      356.967     -50.0583       3.1890264
     0.294739     -58.9781       3.1886423
      348.428     -58.7993       3.1884441
      354.981     -59.7646       3.1878645
      359.504     -56.4204       3.1871579
     0.378082     -52.9125       3.1866510
      349.742     -55.9687       3.1863756
      356.662     -50.5904       3.1850338
      355.721     -53.1875       3.1835885
      359.395     -59.4534       3.1825185
      352.782     -53.2139       3.1816211
      356.755     -49.6417       3.1807516
      345.388     -50.5542       3.1772616
      357.546     -56.1542       3.1771784
      356.225     -56.4082       3.1769300
      358.709     -53.0257       3.1767704
      356.141     -54.1340       3.1766760
      356.634     -55.7062       3.1760719
      354.998     -58.3306       3.1754663
      354.811     -57.6292       3.1752298
      358.323     -52.9416       3.1750600
      357.561     -54.7340       3.1746607
      351.689     -58.5997       3.1729486
      346.383     -51.5465       3.1725459
     0.202728     -51.5625       3.1723728
      348.837     -49.6583       3.1709239
      359.338     -59.2625       3.1695311
      355.450     -52.7875       3.1693523
      355.390     -59.1854       3.1678574
      346.629     -57.8257       3.1678095
      359.424     -54.0304       3.1674676
      351.169     -50.2223       3.1657016
      348.013     -51.2687       3.1639411
      358.673     -57.3162       3.1637568
      357.969     -56.3496       3.1631315
      357.440     -56.4507       3.1623087
      357.604     -57.9583       3.1622171
      355.526     -57.9521       3.1619794
      358.318     -52.8187       3.1614175
      356.454     -51.1306       3.1610746
      354.053     -55.9421       3.1604040
      354.702     -49.9875       3.1603930
      354.078     -58.3461       3.1602738
      344.704     -52.7937       3.1600251
      346.052     -58.1750       3.1595361
      359.152     -58.4340       3.1593792
      358.928     -52.4426       3.1590712
      345.354     -53.1188       3.1589653
      349.595     -49.8590       3.1573863
      357.311     -55.8271       3.1573279
      347.962     -55.6854       3.1573145
      348.255     -58.5166       3.1563785
      359.439     -52.7562       3.1560731
      350.700     -49.7334       3.1559210
      353.465     -57.0542       3.1557679
      345.727     -55.2821       3.1555383
      352.205     -51.9245       3.1537821
      355.561     -51.2104       3.1536572
      355.367     -58.5450       3.1534543
      344.687     -60.1555       3.1526315
      350.945     -58.6243       3.1526172
      350.405     -49.9771       3.1524172
      353.496     -51.2812       3.1524050
      346.746     -52.0729       3.1520333
      349.960     -54.7535       3.1517310
      354.366     -54.7757       3.1499076
      354.413     -57.1562       3.1498358
      350.036     -57.5699       3.1484821
      358.343     -55.3271       3.1477561
      346.553     -55.4966       3.1477072
      355.189     -58.8040       3.1472456
      352.561     -60.1625       3.1458945
      348.237     -49.7752       3.1437023
      344.920     -56.2021       3.1421270
      349.260     -51.0521       3.1419404
      358.806     -56.0215       3.1412153
      348.371     -54.1833       3.1390941
      346.388     -58.1958       3.1377800
      356.262     -57.8326       3.1374583
      344.737     -58.5571       3.1373188
      345.899     -57.1154       3.1369267
      354.369     -56.3174       3.1363316
      347.869     -55.8125       3.1360362
      350.010     -56.2070       3.1357191
      346.880     -50.8818       3.1354029
      350.221     -50.9625       3.1347399
      359.784     -54.2674       3.1345489
      351.136     -52.8167       3.1343734
      352.740     -58.9575       3.1338787
      349.991     -52.5111       3.1334891
      350.316     -50.4368       3.1328716
      349.998     -57.4521       3.1313899
      346.594     -59.7507       3.1305223
      351.622     -58.6972       3.1303351
      345.234     -52.4104       3.1295452
      356.727     -57.0375       3.1294808
      358.751     -52.3722       3.1289544
      357.990     -55.6708       3.1285768
      351.379     -51.2833       3.1271436
      351.879     -55.0542       3.1267297
      346.979     -55.4208       3.1248097
      358.761     -50.9069       3.1245050
      357.087     -57.5465       3.1244385
      351.046     -57.8174       3.1229768
      357.067     -58.3688       3.1229358
      350.746     -57.4841       3.1226683
      352.362     -52.4946       3.1226182
      346.388     -58.4590       3.1218975
      359.890     -49.7182       3.1216416
      355.633     -56.3756       3.1213377
      350.646     -52.7417       3.1212051
      355.779     -57.5007       3.1208112
      353.691     -57.4792       3.1204767
      347.796     -57.0812       3.1199379
      355.141     -54.3696       3.1190562
      345.416     -49.7188       3.1183209
      351.927     -59.1653       3.1179299
      356.576     -58.3125       3.1173055
      356.289     -50.0048       3.1168416
    0.0959778     -55.4250       3.1154554
      359.488     -57.6875       3.1139827
      358.891     -53.7113       3.1136599
      345.322     -49.6584       3.1132164
      355.711     -50.6364       3.1121519
      357.256     -56.2474       3.1119089
      358.286     -58.5813       3.1112747
      356.715     -53.6500       3.1103237
      348.281     -54.9048       3.1102111
      346.973     -56.4792       3.1064684
      354.624     -51.2875       3.1063938
      358.617     -49.7125       3.1061215
      354.808     -54.0042       3.1054482
      357.766     -55.0208       3.1029279
      350.189     -52.1616       3.1026793
      358.643     -49.9146       3.1019256
      347.071     -59.0708       3.1013882
      357.648     -59.7812       3.1013424
      347.418     -58.7000       3.1006260
      352.807     -49.8938       3.0995986
      359.352     -52.6346       3.0993733
      351.349     -55.0743       3.0986490
      358.798     -50.8132       3.0979569
      349.250     -58.3708       3.0969062
      354.643     -60.4259       3.0966794
      346.723     -57.5062       3.0954847
      349.582     -51.4262       3.0950882
      355.520     -54.3496       3.0949481
      346.565     -59.6879       3.0947859
      349.176     -55.3167       3.0935254
      359.548     -50.9938       3.0925822
      356.713     -56.0583       3.0924559
      355.414     -58.7458       3.0922055
      356.641     -53.1792       3.0917923
      347.048     -57.0312       3.0917251
      358.536     -59.4271       3.0914326
      354.999     -51.2094       3.0910621
     0.318604     -58.1831       3.0909953
      351.582     -53.3213       3.0907724
      353.163     -55.1854       3.0899191
      358.088     -56.5875       3.0898485
      357.541     -56.2896       3.0895777
      344.474     -57.4083       3.0888505
      346.248     -55.8187       3.0884206
      346.849     -56.5368       3.0876303
      344.844     -51.6174       3.0872149
      359.203     -57.5221       3.0870116
      345.459     -53.9959       3.0869191
      358.355     -50.7125       3.0865741
      350.933     -60.3167       3.0864658
      352.375     -57.6333       3.0862410
      345.486     -51.0521       3.0861874
      356.950     -53.8750       3.0861359
      358.037     -57.3500       3.0859342
      355.362     -51.2167       3.0854521
      359.160     -51.1188       3.0842161
      359.348     -60.4151       3.0836732
      350.046     -58.7938       3.0827379
      359.564     -52.5943       3.0827117
      347.902     -49.7496       3.0824273
      358.704     -51.9926       3.0821619
      349.613     -57.9257       3.0811923
      345.403     -58.8479       3.0803287
      345.913     -57.2375       3.0789928
      349.597     -56.5958       3.0787182
      353.557     -53.9917       3.0771267
      344.804     -50.1118       3.0761223
      353.809     -55.2583       3.0760918
      357.035     -54.8812       3.0746424
      347.929     -53.8646       3.0733151
      348.051     -55.0387       3.0730174
      353.430     -55.6396       3.0727711
      355.676     -58.5292       3.0727043
      351.925     -58.0104       3.0726531
      348.520     -50.9654       3.0712698
      348.153     -55.9958       3.0710545
      348.625     -51.7438       3.0706739
      358.198     -60.3875       3.0706594
      354.608     -55.9771       3.0686593
      349.833     -56.3167       3.0678859
      358.270     -53.8396       3.0676873
      349.509     -50.3854       3.0671990
      346.977     -55.6500       3.0671291
      356.937     -58.5826       3.0667448
      360.000     -52.0583       3.0664392
      351.243     -50.6007       3.0650287
      347.548     -54.9000       3.0649297
      349.431     -56.8708       3.0644562
      359.725     -50.6542       3.0643947
      356.496     -58.7229       3.0641241
      358.816     -49.7632       3.0640411
      352.680     -52.4243       3.0639112
      346.049     -50.2167       3.0629849
      358.452     -57.3785       3.0609498
      352.618     -60.4424       3.0589356
      356.836     -51.6500       3.0568631
      357.582     -58.5038       3.0558212
      359.717     -53.7938       3.0552895
      357.272     -51.2854       3.0550821
      358.170     -51.0173       3.0521984
      346.845     -56.0750       3.0512505
      353.901     -59.6667       3.0489063
      355.634     -57.0625       3.0487418
      344.863     -53.0104       3.0486627
      354.312     -59.6076       3.0477545
      345.734     -59.6417       3.0450842
      344.833     -53.3229       3.0433202
      345.114     -55.0007       3.0427570
      344.946     -57.3521       3.0414939
      348.979     -56.5750       3.0414629
      358.895     -50.2412       3.0412068
      347.496     -50.9396       3.0407791
      357.411     -54.9958       3.0403645
      355.035     -56.6458       3.0398805
      345.140     -49.9250       3.0388584
      357.077     -54.9493       3.0386238
      354.246     -59.2375       3.0385613
      354.584     -54.1229       3.0385411
      349.547     -58.5208       3.0362065
      353.483     -50.8917       3.0348737
      353.512     -53.7646       3.0348325
      352.047     -58.2896       3.0344062
      344.683     -57.3576       3.0341763
      355.698     -52.6896       3.0339091
      359.797     -54.3917       3.0298162
      359.865     -54.8750       3.0284281
     0.188568     -59.1458       3.0284128
      345.443     -58.6729       3.0281079
      347.603     -58.8396       3.0274146
      345.418     -60.0833       3.0264528
      354.208     -56.3688       3.0257301
      348.265     -54.7271       3.0255489
      347.776     -55.1479       3.0240695
      355.323     -55.0563       3.0221326
      348.618     -54.8674       3.0220389
      351.098     -56.2354       3.0206339
      355.990     -56.6500       3.0201335
      358.639     -51.7438       3.0193083
      348.900     -59.9896       3.0184448
      355.373     -57.2042       3.0145607
      354.643     -54.6542       3.0143907
      347.545     -52.2535       3.0093226
      359.599     -57.0208       3.0092969
      358.141     -52.9750       3.0043786

