354.354 -59.7053 0.250000  34.720360  20.353144 0.11073531
355.301 -51.3331 0.250000  18.628700  12.490820 0.30792520
352.960 -50.8672 0.250000  17.162989  10.471606 0.19810230
360.248 -57.8064 0.250000  14.087602  8.4923830 0.027721912
353.106 -53.9768 0.750000  13.912850  9.1176882 0.55771973
357.904 -54.8829 0.500000  11.674602  6.2768464 0.032643974
355.352 -57.4127 0.500000  11.200802  6.8693337 0.25686301
345.171 -53.5224 0.500000  10.030913  6.4382539 0.35631019
355.691 -54.1863 0.250000  9.4850464  8.1813316 0.098278505
357.728 -53.0231 0.250000  9.3164167  6.0480905 0.13023614
352.473 -58.5259 0.250000  9.0825367  6.6238728 0.086731932
360.410 -54.6706 0.250000  8.6842613  5.6127338 0.049839671
345.001 -56.2848 0.250000  8.6354399  5.7260022 0.33258095
353.028 -50.8962 0.250000  8.5107784  4.5805693 0.40397058
359.934 -50.1746 0.250000  8.2571268  6.6814771 0.86132430
358.946 -50.9326 0.500000  7.6697111  6.5962515 0.19688019
352.899 -57.6144 0.500000  7.5988455  4.2559123 0.16525927
358.716 -56.5497 0.500000  7.1884031  5.7003064 0.37853344
355.840 -50.4031 0.250000  7.1181364  4.3917389 0.28318488
349.206 -54.9009 0.750000  6.8693566  6.2298331 0.18843770
346.612 -51.3481 0.250000  6.6294489  4.6836796 0.66992950
359.531 -52.4861 0.250000  6.4278769  4.5098100 0.12757494
344.977 -54.5273 0.250000  6.3943806  5.3856311 0.18035125
350.066 -58.1307 0.500000  6.0870867  4.3949838 0.065451153
354.087 -52.8735 0.250000  5.9653096  4.1972203 0.54004960
354.404 -59.2020 0.500000  5.4402165  4.8070755 0.30736903
349.864 -58.7122 0.500000  5.4056816  4.4800510 0.34533640
347.895 -55.3716 0.250000  5.1419663  4.0767808 0.072118768
346.786 -54.6697 0.500000  5.0829864  4.4096193 0.39185297
351.782 -51.6313 0.500000  4.9826279  4.9448733 0.74126007
345.455 -55.7799 0.250000  4.7556200  5.0054975 0.55383545
349.368 -58.5908 0.250000  4.3476033  4.1470704  1.2037937
347.989 -58.3424 0.250000  4.0704041  5.7190146  0.17720572
