352.175 -55.5611 0.250000  6.7056313
344.794 -53.8250 0.250000  6.5977168
350.206 -50.4594 0.250000  6.4204092
358.846 -51.9491 0.250000  6.4119010
347.253 -57.1743 0.250000  6.4008532
358.937 -52.9860 0.250000  5.9910097
347.574 -59.3194 0.250000  5.9329700
355.268 -57.0242 0.250000  5.7794566
350.125 -52.5672 0.250000  5.7376456
344.825 -53.0322 0.250000  5.6897683
346.104 -57.3098 0.250000  5.6342788
353.882 -54.5805 0.250000  5.4864821
354.868 -55.8398 0.250000  5.4217291
353.695 -59.6475 0.250000  5.3996291
345.808 -51.2442 0.500000  5.3702402
345.272 -58.6694 0.250000  5.3315306
346.270 -57.3224 0.250000  5.3005409
357.383 -51.2307 0.250000  5.2272692
360.036 -60.3390 0.500000  5.2169404
354.903 -50.9110 0.250000  5.2094169
359.151 -53.1896 0.250000  5.2027183
349.327 -53.9695 0.250000  5.1780658
346.838 -52.0324 0.250000  5.1481490
359.265 -54.3604 0.250000  5.1149006
355.442 -56.6658 0.500000  5.1056590
352.040 -55.8500 0.500000  4.9546485
360.242 -53.1887 0.250000  4.9418316
346.009 -50.1169 0.250000  4.9227672
353.521 -53.1416 0.250000  4.8557353
351.347 -58.2534 0.250000  4.8422184
344.770 -52.5362 0.250000  4.8325429
355.447 -51.6441 0.500000  4.8097258
349.185 -50.4545 0.500000  4.8091564
358.796 -60.0390 0.250000  4.8000007
349.326 -50.0054 0.250000  4.7328973
356.095 -56.9319 0.250000  4.7236042
347.902 -49.7449 0.500000  4.6431313
357.297 -51.6758 0.250000  4.6282501
356.186 -58.8709 0.250000  4.6035361
348.148 -52.3307 0.750000  4.5035233
359.244 -50.0391 1.00000  4.5014186
358.867 -55.2500 0.250000  4.4954906
358.153 -50.9935 1.25000  4.4855328
349.703 -56.2882 0.250000  4.4172859
354.889 -51.3868 0.500000  4.3953166
358.959 -58.8479 0.250000  4.3903985
354.024 -53.8779 0.500000  4.3756485
349.543 -58.5208 0.250000  4.3698525
356.454 -56.7111 0.250000  4.3585238
348.456 -59.7766 0.500000  4.3458266
356.257 -57.8321 0.250000  4.3336430
353.138 -52.3491 0.500000  4.3312907
358.540 -51.1021 0.250000  4.3249707
356.066 -60.0125 0.250000  4.3057737
355.091 -53.1854 0.250000  4.3034978
356.726 -57.0334 0.500000  4.2127981
356.677 -57.6804 0.250000  4.1971517
358.062 -56.6611 0.750000  4.1778145
347.704 -52.6621 0.500000  4.1671157
355.256 -57.2757 0.750000  4.1656718
357.598 -53.1896 0.250000  4.1508784
360.298 -51.1804 0.250000  4.1325626
359.788 -50.4042 0.500000  4.1294570
347.462 -57.8667 0.250000  4.1267066
346.136 -51.4750 0.500000  4.1117744
348.009 -52.4021 0.750000  4.1109872
350.877 -57.8812 0.250000  4.1037984
353.289 -59.7204 0.750000  4.0893831
354.576 -55.6604 0.500000  4.0709329
358.138 -50.9875 0.750000  4.0668945
358.199 -52.8667 0.250000  4.0502963
356.543 -58.7542 0.500000  4.0308485
351.417 -53.2792 0.250000  4.0297408
352.469 -59.9667 1.25000  4.0248728
354.596 -57.4167 0.250000  4.0042024
